68.000000 0.0000000 0.0000000 0.0000000 0.0000000 0.0000000 0.0000000 1.0000000
76.000000 0.0447426 -0.0167656 0.0004244 -0.0063664 -0.0187325 -0.0280997 0.9994093
77.000000 0.0908408 -0.0330002 0.0028460 0.0145905 -0.0265131 -0.0324478 0.9990152
78.000000 0.1119822 -0.0384705 0.0048914 0.0202075 -0.0321022 -0.0357171 0.9986418
82.000000 0.2288809 -0.0548240 0.0175249 0.0128547 -0.0412676 -0.0478882 0.9979171
84.000000 0.2524491 -0.0516798 0.0181327 0.0034165 -0.0416253 -0.0630762 0.9971344
85.000000 0.2696653 -0.0429540 0.0188703 0.0069312 -0.0412788 -0.0662235 0.9969265
91.000000 0.3337042 -0.0618784 0.0051983 0.0917729 -0.0516685 -0.0935762 0.9900261
93.000000 0.3429494 -0.0736917 -0.0035857 0.1174920 -0.0581165 -0.0702028 0.9888831
95.000000 0.3494846 -0.0823422 -0.0168742 0.1469886 -0.0652560 -0.0646544 0.9848633
97.000000 0.3342966 -0.0916873 -0.0295326 0.1619245 -0.0651018 -0.0452670 0.9836123
99.000000 0.3012350 -0.1027611 -0.0379438 0.1659591 -0.0614966 -0.0346042 0.9836047
101.000000 0.2552826 -0.0993534 -0.0448529 0.1546888 -0.0492210 -0.0357820 0.9860874
105.000000 0.1738807 -0.0858983 -0.0455246 0.1299535 -0.0051522 -0.0241378 0.9912128
107.000000 0.1505302 -0.0854385 -0.0546395 0.1336333 0.0189035 -0.0111271 0.9907880
113.000000 0.0493115 -0.0857004 -0.0732110 0.1288106 0.0158285 0.0150857 0.9914281
116.000000 0.0145278 -0.0844927 -0.0736854 0.1335096 0.0128797 0.0123545 0.9908868
119.000000 -0.0404991 -0.0955382 -0.0771509 0.1583640 0.0250642 0.0048141 0.9870509
122.000000 -0.0867059 -0.1102477 -0.0843320 0.1783442 0.0394121 0.0149076 0.9830655
125.000000 -0.1045289 -0.1311583 -0.1044394 0.2048560 0.0440699 0.0214783 0.9775636
127.000000 -0.1001438 -0.1420509 -0.1145467 0.2155500 0.0456308 0.0225702 0.9751649
129.000000 -0.0940578 -0.1864281 -0.1204202 0.2081229 0.0344543 0.0064631 0.9774743
131.000000 -0.0966965 -0.1602219 -0.1407860 0.2481328 0.0237056 0.0079064 0.9684036
133.000000 -0.0903342 -0.1700186 -0.1480330 0.2575072 0.0219997 0.0018041 0.9660242
135.000000 -0.0694035 -0.1740155 -0.1573608 0.2648381 0.0059326 -0.0133127 0.9641827
137.000000 -0.0421526 -0.1749799 -0.1686516 0.2700379 -0.0213342 -0.0165830 0.9624705
139.000000 -0.0010633 -0.1751117 -0.1798928 0.2924626 -0.0437741 -0.0332742 0.9546949
141.000000 0.0205346 -0.1742690 -0.1788708 0.2949311 -0.0496456 -0.0374469 0.9534929
143.000000 0.0530484 -0.1730478 -0.1858626 0.2876660 -0.0492499 -0.0435122 0.9554734
145.000000 0.0893224 -0.1687071 -0.1913582 0.2874795 -0.0539221 -0.0500955 0.9549546
147.000000 0.1199839 -0.1728798 -0.1954811 0.2863576 -0.0676109 -0.0566014 0.9540568
150.000000 0.1516437 -0.1767027 -0.1940122 0.2921035 -0.0850369 -0.0630076 0.9505126
152.000000 0.1762413 -0.1836944 -0.1908067 0.2895509 -0.0907368 -0.0502101 0.9515283
154.000000 0.1878475 -0.1873909 -0.1897948 0.2937754 -0.1007356 -0.0449929 0.9494861
155.000000 0.2001716 -0.1890931 -0.1941500 0.3078741 -0.1129981 -0.0403989 0.9438289
159.000000 0.2184574 -0.2023095 -0.2222382 0.3364215 -0.1094929 -0.0176882 0.9351572
161.000000 0.2218513 -0.2156284 -0.2420838 0.3475480 -0.1004545 -0.0048598 0.9322530
163.000000 0.2224526 -0.2210479 -0.2514055 0.3512954 -0.0813052 0.0162255 0.9325866
165.000000 0.2170032 -0.2278304 -0.2626425 0.3457862 -0.0745848 0.0305411 0.9348456
167.000000 0.2028228 -0.2366934 -0.2675028 0.3483027 -0.0676590 0.0300778 0.9344532
169.000000 0.1737065 -0.2423765 -0.2678493 0.3560906 -0.0497886 0.0368374 0.9323967
175.000000 0.0676561 -0.2611703 -0.2984320 0.3966204 -0.0163912 0.1220616 0.9096838
177.000000 0.0431581 -0.2783195 -0.3038410 0.4025038 -0.0207626 0.1264141 0.9064100
182.000000 -0.0029345 -0.2783330 -0.3137364 0.4116258 0.0074337 0.1230148 0.9029819
186.000000 -0.0239284 -0.2754555 -0.3152770 0.3876707 0.0553622 0.1325298 0.9105396
188.000000 -0.0464751 -0.2862475 -0.3076850 0.3829094 0.0601299 0.1321170 0.9123102
191.000000 -0.0678757 -0.2974231 -0.3109290 0.3866650 0.0449129 0.1197682 0.9133064
193.000000 -0.0759102 -0.3022434 -0.3258394 0.3933034 0.0260505 0.1064013 0.9128596
196.000000 -0.0799429 -0.3123518 -0.3399523 0.4040786 0.0195269 0.0927423 0.9098011
199.000000 -0.0702984 -0.3160810 -0.3551999 0.4184927 0.0072570 0.0858376 0.9041256
202.000000 -0.0355344 -0.3160166 -0.3715386 0.4340023 -0.0051870 0.0754485 0.8977320
204.000000 -0.0119885 -0.3191173 -0.3727392 0.4338038 -0.0088120 0.0701195 0.8982315
206.000000 0.0191743 -0.3154159 -0.3801592 0.4408091 -0.0190529 0.0577033 0.8955415
212.000000 0.1225865 -0.2940544 -0.3898038 0.4213790 -0.0752930 0.0133137 0.9036556
216.000000 0.1861485 -0.2647651 -0.4044441 0.4254616 -0.1047668 -0.0341866 0.8982414
218.000000 0.2146803 -0.2567861 -0.4114258 0.4349113 -0.1185621 -0.0473608 0.8913765
220.000000 0.2380785 -0.2551535 -0.4145994 0.4379178 -0.1149187 -0.0499329 0.8902407
222.000000 0.2521414 -0.2607701 -0.4092779 0.4341921 -0.0961961 -0.0542358 0.8940257
227.000000 0.2789307 -0.2984373 -0.3776896 0.4296314 -0.0728818 -0.0635259 0.8978137
230.000000 0.2949848 -0.3152303 -0.3823193 0.4344840 -0.0618107 -0.0572934 0.8967277
233.000000 0.3130944 -0.3186153 -0.4022232 0.4581884 -0.0593245 -0.0472359 0.8856143
236.000000 0.3141575 -0.3237586 -0.4148900 0.4701348 -0.0589406 -0.0504528 0.8791779
238.000000 0.3210063 -0.3325980 -0.4208093 0.4727665 -0.0650185 -0.0464893 0.8775553
244.000000 0.3222494 -0.3577163 -0.4391801 0.4871772 -0.0387010 -0.0223387 0.8721592
246.000000 0.2989454 -0.3625787 -0.4461881 0.4898466 -0.0318895 -0.0152577 0.8710916
249.000000 0.2763745 -0.3546983 -0.4640436 0.4967327 -0.0124214 0.0061708 0.8677928
251.000000 0.2514114 -0.3576714 -0.4733718 0.5043410 -0.0110574 0.0054519 0.8634166
254.000000 0.2265048 -0.3604603 -0.4871753 0.5163507 -0.0021892 0.0136681 0.8562654
256.000000 0.2087438 -0.3626361 -0.4905041 0.5152048 -0.0058935 0.0091700 0.8569977
258.000000 0.1849034 -0.3624415 -0.4924536 0.5163062 -0.0068817 0.0087601 0.8563316
260.000000 0.1707661 -0.3577996 -0.4987261 0.5235070 -0.0047411 0.0176029 0.8518263
262.000000 0.1453086 -0.3582369 -0.5047344 0.5332124 -0.0061545 0.0289383 0.8454639
264.000000 0.1240803 -0.3492306 -0.5146543 0.5505693 -0.0096946 0.0414906 0.8337014
267.000000 0.0918240 -0.3394334 -0.5190977 0.5498226 -0.0116842 0.0505443 0.8336689
270.000000 0.0561293 -0.3527262 -0.5001412 0.5370097 -0.0020299 0.0625650 0.8412503
273.000000 0.0336141 -0.3553482 -0.4844042 0.5171973 0.0090016 0.0537504 0.8541293
276.000000 0.0253652 -0.3275643 -0.4665360 0.5010224 0.0087713 0.0468071 0.8641231
279.000000 0.0258848 -0.3186155 -0.4529616 0.4807481 -0.0038422 0.0413223 0.8758761
282.000000 0.0319781 -0.3047155 -0.4353934 0.4644070 -0.0115371 0.0287077 0.8850813
286.000000 0.0965674 -0.2890712 -0.4309063 0.4720482 -0.0616993 0.0010150 0.8794104
290.000000 0.1451941 -0.2731635 -0.4305949 0.4648400 -0.0852996 -0.0170806 0.8811107
298.000000 0.2660571 -0.2456975 -0.3927163 0.4430722 -0.1225763 -0.0522625 0.8865273
301.000000 0.2841803 -0.2353354 -0.3515723 0.4566596 -0.1402459 -0.0546719 0.8768147
305.000000 0.2719716 -0.2273397 -0.3133758 0.4331984 -0.1178393 -0.0456091 0.8923973
312.000000 0.1691525 -0.2157811 -0.2552672 0.3685910 -0.0419965 0.0083401 0.9286051
318.000000 0.1184271 -0.1799672 -0.2296344 0.3388025 -0.0257419 -0.0016626 0.9405038
321.000000 0.1246639 -0.1727400 -0.2011416 0.3609969 -0.0622551 -0.0175742 0.9303207
324.000000 0.1425602 -0.1585347 -0.1894472 0.3508140 -0.0433266 -0.0278484 0.9350277
328.000000 0.1798803 -0.1355780 -0.1769728 0.3200375 -0.0392428 -0.0110925 0.9465268
331.000000 0.2035030 -0.1213012 -0.1662887 0.3039344 -0.0371483 -0.0100856 0.9519150
334.000000 0.2179255 -0.1061942 -0.1389345 0.2733695 -0.0420579 -0.0089944 0.9609471
338.000000 0.2171534 -0.0767628 -0.0948938 0.2005515 -0.0357325 -0.0232683 0.9787548
343.000000 0.2057961 -0.0404051 -0.0719042 0.1679773 -0.0289098 -0.0340024 0.9847800
350.000000 0.1913970 -0.0444647 -0.0540412 0.1295917 -0.0113252 -0.0405496 0.9906732
355.000000 0.1800563 -0.0227517 -0.0360702 0.0780102 -0.0064001 -0.0556909 0.9953753
360.000000 0.1454573 -0.0252678 -0.0373869 0.0696029 0.0049814 -0.0433014 0.9966221
363.000000 0.1106834 -0.0233855 -0.0355207 0.0434103 0.0253493 -0.0117840 0.9986662
366.000000 0.0902598 -0.0216840 -0.0280517 0.0158226 0.0298600 -0.0233950 0.9991550
369.000000 0.0975155 -0.0089578 -0.0240286 -0.0131759 0.0249280 -0.0215350 0.9993704
372.000000 0.1281805 -0.0123663 -0.0241610 0.0030855 0.0412269 -0.0322325 0.9986250
