10.000000 0.0000000 0.0000000 0.0000000 0.0000000 0.0000000 0.0000000 1.0000000
19.000000 0.0141510 0.0083292 0.0235756 -0.0180273 0.0105389 0.0004681 0.9997818
20.000000 0.0128747 0.0121950 0.0288611 -0.0229440 0.0072176 0.0019581 0.9997088
23.000000 0.0318792 0.0150112 0.0368286 -0.0265490 -0.0024726 0.0027301 0.9996407
24.000000 0.0487983 0.0174504 0.0394376 -0.0308026 -0.0061655 0.0009051 0.9995061
29.000000 0.1248806 0.0144016 0.0375038 -0.0421976 -0.0260017 0.0188125 0.9985937
31.000000 0.1693400 0.0164510 0.0452047 -0.0408933 -0.0444504 0.0201240 0.9979714
37.000000 0.2549200 -0.0029582 0.0398090 -0.0413370 -0.1095071 0.0214502 0.9928944
40.000000 0.2915179 -0.0123327 0.0279797 -0.0486517 -0.1316471 0.0219436 0.9898589
42.000000 0.3094987 -0.0153826 0.0466605 -0.0626874 -0.1385841 0.0201106 0.9881601
44.000000 0.3195524 -0.0080027 0.0499063 -0.0757938 -0.1362547 0.0415859 0.9868944
48.000000 0.4134979 -0.0106651 0.0933642 -0.0932226 -0.1580108 0.0408698 0.9821771
51.000000 0.4549228 -0.0077751 0.1053448 -0.1056152 -0.1589508 0.0468194 0.9805040
53.000000 0.4914196 -0.0035228 0.1193411 -0.1108400 -0.1486916 0.0517613 0.9812880
55.000000 0.5198268 0.0010037 0.1246848 -0.1096393 -0.1319401 0.0528458 0.9837573
58.000000 0.5445086 0.0122668 0.1158480 -0.1075618 -0.1269058 0.0655218 0.9838863
61.000000 0.5547484 0.0401267 0.1085810 -0.1145150 -0.1187865 0.0650205 0.9841486
64.000000 0.5532181 0.0644524 0.1038586 -0.1350710 -0.1250792 0.0549683 0.9813712
68.000000 0.5487477 0.0860750 0.0899109 -0.1481962 -0.1397671 0.0508428 0.9777106
71.000000 0.5454206 0.0984032 0.0847574 -0.1492720 -0.1235874 0.0338725 0.9804574
73.000000 0.5267409 0.1042880 0.0862968 -0.1553936 -0.1081941 0.0343980 0.9813071
78.000000 0.4490111 0.0967127 0.0837549 -0.1432233 -0.0778167 0.0221930 0.9863768
83.000000 0.3840250 0.0939100 0.0643433 -0.1345730 -0.0371178 0.0095578 0.9901621
86.000000 0.3085572 0.0905821 0.0411128 -0.1171460 -0.0097054 0.0086207 0.9930299
89.000000 0.2549452 0.0930448 0.0256333 -0.1062326 0.0264819 0.0092668 0.9939454
92.000000 0.2025481 0.0968523 0.0194761 -0.0943309 0.0552892 0.0125899 0.9939247
97.000000 0.1702035 0.0965383 0.0159704 -0.0925541 0.0564032 0.0099581 0.9940590
100.000000 0.1092767 0.1029257 0.0267990 -0.0959165 0.0892743 0.0008739 0.9913775
106.000000 0.0046396 0.1033647 0.0113779 -0.0931632 0.1353538 -0.0021433 0.9864053
109.000000 -0.0260238 0.1064723 0.0243812 -0.1023581 0.1360644 -0.0041983 0.9853891
112.000000 -0.0477088 0.1109517 0.0301685 -0.1060524 0.1445928 -0.0077754 0.9837608
115.000000 -0.1072567 0.1186754 0.0364611 -0.1193242 0.1731838 -0.0086138 0.9775965
118.000000 -0.1397162 0.1284458 0.0400639 -0.1177201 0.1900640 -0.0082503 0.9746536
121.000000 -0.1416769 0.1429414 0.0296369 -0.1158916 0.2070683 0.0064647 0.9714165
124.000000 -0.1452451 0.1722123 0.0096257 -0.1276023 0.1966924 0.0077074 0.9720958
127.000000 -0.1540498 0.1904348 -0.0117066 -0.1390267 0.1787231 0.0128875 0.9739423
130.000000 -0.1627183 0.2110963 -0.0168585 -0.1523895 0.1574803 0.0146077 0.9755839
133.000000 -0.1227633 0.2104695 -0.0486051 -0.1485765 0.1313347 0.0125619 0.9800604
139.000000 -0.0124433 0.2110772 -0.0692381 -0.1555288 0.0905303 0.0206401 0.9834577
142.000000 0.0320758 0.2119982 -0.0829893 -0.1555579 0.0617547 0.0159832 0.9857650
145.000000 0.0539346 0.2087354 -0.0971342 -0.1626163 0.0491630 0.0106632 0.9854062
149.000000 0.0846692 0.1989631 -0.0925913 -0.1561017 0.0483350 0.0209861 0.9863344
152.000000 0.1544937 0.1950076 -0.1128606 -0.1571554 -0.0006405 0.0250106 0.9872569
156.000000 0.2217736 0.1931108 -0.1204902 -0.1598821 -0.0476246 0.0143169 0.9858826
159.000000 0.2719125 0.2076683 -0.1166555 -0.1629857 -0.0813768 0.0183365 0.9830958
163.000000 0.3691356 0.2110111 -0.1190323 -0.1671427 -0.1322455 0.0193686 0.9768313
166.000000 0.4655254 0.2194739 -0.1133623 -0.1826483 -0.1814884 -0.0007547 0.9662821
169.000000 0.5222509 0.2290379 -0.1040540 -0.1671729 -0.2101163 0.0146254 0.9631669
172.000000 0.5657074 0.2529881 -0.1028623 -0.1768546 -0.2106164 0.0234222 0.9611527
177.000000 0.5936427 0.2906621 -0.1016406 -0.1872924 -0.1921951 0.0216484 0.9630752
179.000000 0.6002272 0.3040348 -0.1069032 -0.1940209 -0.1959116 0.0201697 0.9610243
183.000000 0.6033164 0.3311899 -0.1182709 -0.2025774 -0.1896533 0.0040322 0.9607173
185.000000 0.5922287 0.3501632 -0.1200170 -0.2076093 -0.1709609 -0.0073853 0.9631283
187.000000 0.5658669 0.3656858 -0.1240446 -0.2082921 -0.1480042 -0.0175693 0.9666439
193.000000 0.4731927 0.3798665 -0.1286199 -0.1973879 -0.0902182 -0.0231094 0.9758917
199.000000 0.4241264 0.3651505 -0.1372662 -0.1783107 -0.0638468 -0.0249031 0.9815848
202.000000 0.3613954 0.3788274 -0.1358424 -0.1737708 -0.0235144 -0.0093011 0.9844614
206.000000 0.2777900 0.3817644 -0.1474003 -0.1626116 0.0331748 -0.0048716 0.9861202
209.000000 0.2283410 0.3777662 -0.1641525 -0.1654210 0.0654345 -0.0045808 0.9840392
212.000000 0.2380283 0.3809837 -0.1514442 -0.1615382 0.0554263 -0.0165365 0.9851699
220.000000 0.0676043 0.3701475 -0.1329329 -0.1498892 0.1573645 -0.0103681 0.9760441
224.000000 0.0266911 0.3668023 -0.1402082 -0.1356537 0.1538039 -0.0214114 0.9785111
228.000000 -0.0687412 0.3612207 -0.1513157 -0.1350120 0.1904610 -0.0061704 0.9723468
232.000000 -0.1296389 0.3581252 -0.1446324 -0.1270199 0.2390596 -0.0015723 0.9626598
236.000000 -0.1888970 0.3677749 -0.1337959 -0.1256628 0.2575250 -0.0167801 0.9579186
240.000000 -0.2102679 0.3910821 -0.1105155 -0.1264661 0.2547453 -0.0153330 0.9585803
247.000000 -0.2307183 0.4209673 -0.1053792 -0.1465443 0.2307582 -0.0091060 0.9618692
250.000000 -0.2381694 0.4395725 -0.1115765 -0.1587267 0.2244009 -0.0110880 0.9614193
256.000000 -0.2289827 0.4741958 -0.1196338 -0.1798900 0.2311786 -0.0102432 0.9560812
261.000000 -0.2119416 0.5103386 -0.1241105 -0.1887675 0.2187914 -0.0062161 0.9573184
264.000000 -0.1658595 0.5186828 -0.1399968 -0.1989138 0.1828945 -0.0069837 0.9627742
267.000000 -0.1159743 0.5246916 -0.1493679 -0.1999561 0.1590183 -0.0088188 0.9667745
270.000000 -0.0480098 0.5271444 -0.1398008 -0.2065772 0.1166727 -0.0211594 0.9712186
274.000000 0.0014335 0.5446147 -0.1133062 -0.2237270 0.0597479 -0.0250936 0.9724951
276.000000 0.0335171 0.5402784 -0.1158272 -0.2192240 0.0375266 -0.0221945 0.9747000
279.000000 0.1111491 0.5257087 -0.1303747 -0.2084385 0.0037107 -0.0161327 0.9778954
282.000000 0.1684836 0.5231546 -0.1340814 -0.2155295 -0.0183568 -0.0337954 0.9757397
286.000000 0.2333617 0.5316004 -0.1337630 -0.2206716 -0.0410404 -0.0334223 0.9739110
290.000000 0.2817260 0.5173136 -0.1568959 -0.2174003 -0.0561586 -0.0213192 0.9742324
296.000000 0.3681341 0.5210508 -0.1542387 -0.2221282 -0.0810605 -0.0026043 0.9716386
299.000000 0.4187433 0.5334634 -0.1413270 -0.2273483 -0.1123014 0.0100329 0.9672644
302.000000 0.4858575 0.5210734 -0.1388918 -0.2434317 -0.1492554 0.0008224 0.9583648
305.000000 0.5305212 0.5152870 -0.1388356 -0.2469422 -0.1776524 -0.0277396 0.9522026
311.000000 0.5541062 0.5609832 -0.1478583 -0.2932335 -0.1777463 -0.0436384 0.9383582
315.000000 0.5585490 0.5955350 -0.1543802 -0.3136759 -0.1753878 -0.0514566 0.9317718
325.000000 0.5200167 0.6610330 -0.1630309 -0.3288333 -0.1272940 -0.0478876 0.9345436
328.000000 0.5088031 0.7140346 -0.1536623 -0.3239748 -0.0935581 -0.0392337 0.9406103
331.000000 0.4787482 0.7443954 -0.1686849 -0.3312183 -0.0608300 -0.0269726 0.9412048
334.000000 0.4306174 0.7473186 -0.1788414 -0.3326743 -0.0505672 -0.0325229 0.9411233
338.000000 0.3966047 0.7327949 -0.1980666 -0.3430394 -0.0792311 -0.0365960 0.9352578
341.000000 0.3577705 0.7187058 -0.1962733 -0.3263755 -0.0663954 -0.0296602 0.9424388
347.000000 0.2637716 0.7351120 -0.1896587 -0.3344913 -0.0000236 -0.0228937 0.9421207
350.000000 0.2212496 0.7301559 -0.1871566 -0.3300183 0.0290726 -0.0198912 0.9433171
357.000000 0.1542332 0.7283407 -0.1863252 -0.3274249 0.0487279 -0.0225923 0.9433494
359.000000 0.1365837 0.7277802 -0.1709576 -0.3405243 0.0819752 -0.0295930 0.9361877
361.000000 0.0729539 0.7287630 -0.1626066 -0.3274557 0.1100409 -0.0134921 0.9383399
363.000000 0.0379219 0.7241766 -0.1524119 -0.3186862 0.1360085 -0.0112935 0.9379836
366.000000 -0.0124906 0.7216220 -0.1545179 -0.3241251 0.1684211 -0.0013103 0.9309004
368.000000 -0.0486249 0.7263581 -0.1505541 -0.3259206 0.1788415 -0.0035139 0.9283206
371.000000 -0.0597656 0.7378983 -0.1362129 -0.3247879 0.1749010 -0.0076047 0.9294432
373.000000 -0.0990473 0.7512629 -0.1270674 -0.3418730 0.2092943 0.0069599 0.9161170
375.000000 -0.1192827 0.7569459 -0.1193371 -0.3389990 0.2102790 0.0028536 0.9169811
377.000000 -0.1474829 0.7749078 -0.1102598 -0.3373320 0.2170810 0.0023157 0.9160118
380.000000 -0.1852277 0.8180914 -0.1043054 -0.3518648 0.2206101 0.0063204 0.9096606
382.000000 -0.1866242 0.8512292 -0.1212448 -0.3769890 0.2199042 0.0124131 0.8996484
384.000000 -0.1935273 0.8498454 -0.1164477 -0.4050198 0.2201193 0.0171796 0.8872493
386.000000 -0.1713919 0.8917062 -0.1558972 -0.4117526 0.2150980 0.0156091 0.8854089
389.000000 -0.1583649 0.9012491 -0.2066667 -0.4352466 0.2081492 0.0079885 0.8758827
395.000000 -0.1045216 0.9090726 -0.2199220 -0.4616854 0.2027152 0.0136417 0.8634622
399.000000 -0.0543416 0.9197551 -0.1922550 -0.4822975 0.1390828 -0.0397174 0.8639836
401.000000 -0.0304005 0.9452643 -0.1679100 -0.5025076 0.1207657 -0.0494874 0.8546653
404.000000 0.0394000 0.9469072 -0.1607795 -0.5192058 0.0733872 -0.0395605 0.8505731
406.000000 0.0837620 0.9456846 -0.1761283 -0.5395200 0.0405335 -0.0399288 0.8400481
408.000000 0.1253809 0.9429358 -0.1802355 -0.5548239 0.0023525 -0.0505991 0.8304243
410.000000 0.1679241 0.9563634 -0.1609676 -0.5754485 0.0032213 -0.0453785 0.8165718
412.000000 0.2069860 0.9448603 -0.1150930 -0.5637190 0.0087147 -0.0424766 0.8248277
415.000000 0.2945097 0.9418671 -0.0976934 -0.5143740 0.0283536 -0.0477538 0.8557658
419.000000 0.3738013 0.9685401 -0.0906150 -0.5399769 0.0071088 -0.0593158 0.8395571
423.000000 0.3959931 0.9785448 -0.1055542 -0.5716836 -0.0416906 -0.0712294 0.8163125
428.000000 0.4429385 1.0003322 -0.0953719 -0.5798495 -0.0930265 -0.0821465 0.8052158
431.000000 0.4631238 0.9867588 -0.0604855 -0.5819626 -0.1077972 -0.0880562 0.8012149
434.000000 0.5152322 0.9936389 -0.0564586 -0.5571871 -0.1490404 -0.1002370 0.8107293
438.000000 0.4649497 0.9594697 -0.0890207 -0.5064740 -0.1351204 -0.1303831 0.8415622
442.000000 0.4461184 0.9357400 -0.1248618 -0.4598280 -0.1313610 -0.1438322 0.8663803
445.000000 0.4400083 0.9283202 -0.1374750 -0.4196992 -0.1483091 -0.1456034 0.8835478
447.000000 0.4293569 0.9190841 -0.1506560 -0.3818815 -0.1282293 -0.1251897 0.9066705
449.000000 0.4174840 0.9086946 -0.1687962 -0.3549338 -0.1119631 -0.1338713 0.9184578
453.000000 0.4181740 0.8858753 -0.2006851 -0.3311048 -0.0948029 -0.1393878 0.9284143
455.000000 0.4126155 0.8731258 -0.2038226 -0.3411524 -0.0789377 -0.1570213 0.9234328
459.000000 0.4091174 0.8785156 -0.1919165 -0.3846943 -0.0394019 -0.1591978 0.9083578
462.000000 0.4055286 0.8768682 -0.1816890 -0.3983359 -0.0230958 -0.1860801 0.8978693
464.000000 0.4228468 0.8629109 -0.1762009 -0.3862699 -0.0498620 -0.2319927 0.8913410
470.000000 0.4199180 0.8601770 -0.1687105 -0.3857671 -0.0244241 -0.2023048 0.8998111
472.000000 0.4096190 0.8525363 -0.1605188 -0.3779279 0.0028351 -0.1996429 0.9040493
474.000000 0.3934959 0.8580917 -0.1466136 -0.3673999 0.0178443 -0.1994420 0.9082521
480.000000 0.4064593 0.8449945 -0.1479207 -0.3404543 0.0612291 -0.1656364 0.9235294
487.000000 0.4016798 0.8474505 -0.1501291 -0.3358950 0.0472744 -0.1514445 0.9284418
512.000000 0.4043290 0.8446999 -0.1671579 -0.3125866 0.0438319 -0.0944587 0.9441642
519.000000 0.4058425 0.8474396 -0.1680472 -0.3156402 0.0384498 -0.0865767 0.9441384
531.000000 0.4121413 0.8555514 -0.1792212 -0.3202360 0.0453133 -0.0592312 0.9443979
534.000000 0.4122438 0.8574110 -0.1805242 -0.3190199 0.0459555 -0.0535678 0.9451163
537.000000 0.4118130 0.8573352 -0.1868448 -0.3222397 0.0390923 -0.0465716 0.9447033
539.000000 0.4268374 0.8556765 -0.2271355 -0.2980806 0.0170074 -0.0250846 0.9540595
