0.000000 0.0000000 0.0000000 0.0000000 0.0000000 0.0000000 0.0000000 1.0000000
13.000000 0.0434855 -0.0058914 -0.0001490 0.0100492 -0.0162975 0.0156495 0.9996942
14.000000 0.0616488 -0.0009491 -0.0010682 0.0096886 -0.0176889 0.0226236 0.9995406
17.000000 0.1276569 0.0063957 0.0024764 0.0370551 -0.0273001 0.0282551 0.9985406
19.000000 0.1607298 0.0031874 0.0025053 0.0340171 -0.0377507 0.0125897 0.9986287
21.000000 0.1862153 0.0055978 -0.0008193 0.0277147 -0.0406119 -0.0003002 0.9987905
23.000000 0.2091490 -0.0108648 -0.0046205 0.0210663 -0.0336075 0.0116060 0.9991457
25.000000 0.2240239 -0.0418077 -0.0129584 0.0467614 -0.0427126 0.0002373 0.9979925
27.000000 0.2395661 -0.0651489 -0.0252704 0.0753432 -0.0423568 -0.0106127 0.9962011
29.000000 0.2212018 -0.0799290 -0.0580005 0.0878037 -0.0269821 -0.0156655 0.9956491
31.000000 0.2055080 -0.0988311 -0.0761941 0.1119239 -0.0227461 0.0105216 0.9934007
33.000000 0.1895928 -0.1118074 -0.0877180 0.1318782 -0.0143350 0.0233906 0.9908862
35.000000 0.1581916 -0.1210797 -0.0954378 0.1501758 0.0023242 0.0370530 0.9879620
37.000000 0.1149680 -0.1275945 -0.0991419 0.1587318 0.0103600 0.0362936 0.9866000
39.000000 0.0774210 -0.1350560 -0.0966017 0.1556664 0.0239541 0.0478303 0.9863602
41.000000 0.0450453 -0.1506842 -0.1014792 0.1597044 0.0402320 0.0624784 0.9843639
43.000000 0.0127103 -0.1565057 -0.1088659 0.1697627 0.0578613 0.0679601 0.9814347
46.000000 -0.0692406 -0.1768970 -0.1240091 0.1896049 0.0808888 0.0852567 0.9748017
48.000000 -0.1115667 -0.1907468 -0.1252015 0.1942994 0.1022970 0.1113963 0.9692131
52.000000 -0.1571960 -0.2128712 -0.1168376 0.1809459 0.1383812 0.1513513 0.9618742
54.000000 -0.1913136 -0.2184758 -0.1117702 0.1644679 0.1584933 0.1652755 0.9594343
57.000000 -0.2333636 -0.2253480 -0.1144864 0.1764963 0.1493439 0.1715876 0.9576551
60.000000 -0.2618735 -0.2562183 -0.1256958 0.2016221 0.1315197 0.1619030 0.9569945
62.000000 -0.2484414 -0.2835384 -0.1438038 0.2176524 0.1352519 0.1524322 0.9545150
64.000000 -0.2358876 -0.2961150 -0.1567153 0.2324877 0.1210893 0.1283834 0.9564542
66.000000 -0.1979447 -0.2942576 -0.1746940 0.2498055 0.1066177 0.1123108 0.9558327
68.000000 -0.1541691 -0.2838851 -0.1874307 0.2625199 0.0825346 0.0946394 0.9567208
70.000000 -0.1181092 -0.2702750 -0.1955847 0.2649626 0.0683450 0.0732834 0.9590377
72.000000 -0.0791182 -0.2574568 -0.2047277 0.2646575 0.0573417 0.0607319 0.9607185
74.000000 -0.0295209 -0.2497233 -0.2094582 0.2714332 0.0429987 0.0408846 0.9606267
76.000000 0.0220477 -0.2456369 -0.2118955 0.2759230 0.0327945 0.0345603 0.9599983
78.000000 0.0728266 -0.2406529 -0.2161894 0.2951191 0.0056461 0.0352162 0.9547945
80.000000 0.1218015 -0.2402630 -0.2168021 0.2996445 -0.0068642 0.0079510 0.9539931
82.000000 0.1637044 -0.2293232 -0.2171401 0.2883382 -0.0124461 -0.0172056 0.9572932
86.000000 0.2533556 -0.2201225 -0.2228292 0.3006868 -0.0630182 -0.0349171 0.9509979
88.000000 0.2944260 -0.2156840 -0.2239786 0.2945190 -0.0744724 -0.0251293 0.9524080
92.000000 0.3506596 -0.2210179 -0.2435661 0.2851590 -0.1058897 -0.0461823 0.9514930
95.000000 0.3797730 -0.2387835 -0.2502066 0.2659793 -0.1188721 -0.0576875 0.9548804
97.000000 0.3971112 -0.2583719 -0.2753587 0.2762894 -0.1169623 -0.0578020 0.9521780
100.000000 0.4096759 -0.2750835 -0.3098221 0.2929388 -0.0935574 -0.0351033 0.9508952
101.000000 0.4109170 -0.2820151 -0.3182271 0.3073311 -0.0848297 -0.0200898 0.9476011
102.000000 0.4049109 -0.2954354 -0.3330340 0.3314209 -0.0674801 0.0213844 0.9408237
103.000000 0.4012592 -0.2985115 -0.3426846 0.3351814 -0.0561081 0.0339557 0.9398682
105.000000 0.3896060 -0.2943937 -0.3652892 0.3475569 -0.0354495 0.0539322 0.9354351
106.000000 0.3786165 -0.2940073 -0.3811293 0.3568517 -0.0245681 0.0573883 0.9320729
108.000000 0.3493411 -0.2956576 -0.3965241 0.3600831 -0.0104062 0.0562194 0.9311666
109.000000 0.3370418 -0.2963082 -0.4029138 0.3632641 -0.0053328 0.0584983 0.9298326
110.000000 0.3089355 -0.2977217 -0.4146053 0.3608086 0.0047169 0.0572053 0.9308719
112.000000 0.2641844 -0.3040965 -0.4283141 0.3678964 0.0221363 0.0712837 0.9268661
113.000000 0.2498352 -0.3078367 -0.4328583 0.3764460 0.0341904 0.0810314 0.9222545
115.000000 0.1982721 -0.3161034 -0.4446858 0.3941323 0.0684132 0.0970138 0.9113548
116.000000 0.1849302 -0.3159475 -0.4514953 0.3968019 0.0751329 0.1016444 0.9091599
117.000000 0.1522861 -0.3190923 -0.4553887 0.4071103 0.0833830 0.1154385 0.9022098
118.000000 0.1132574 -0.3282051 -0.4639826 0.4081454 0.1107844 0.1296131 0.8968526
120.000000 0.0746668 -0.3355221 -0.4672577 0.4071520 0.1332205 0.1403377 0.8926281
121.000000 0.0404589 -0.3415484 -0.4717377 0.4071998 0.1444200 0.1527060 0.8888262
123.000000 -0.0024812 -0.3641477 -0.4641849 0.4010161 0.1707307 0.1628062 0.8851730
124.000000 -0.0311274 -0.3781597 -0.4565086 0.4009908 0.1770857 0.1610880 0.8842498
127.000000 -0.0763519 -0.4031523 -0.4402013 0.3963609 0.1896034 0.1561757 0.8846229
128.000000 -0.1006970 -0.4089564 -0.4482570 0.4087312 0.1768955 0.1518991 0.8823681
130.000000 -0.1328438 -0.4172545 -0.4535714 0.4232894 0.1732077 0.1707350 0.8727398
132.000000 -0.1691944 -0.4326910 -0.4470442 0.4280936 0.1650457 0.1688164 0.8723513
133.000000 -0.1822553 -0.4338115 -0.4514495 0.4327660 0.1587008 0.1623191 0.8724564
134.000000 -0.1988166 -0.4336815 -0.4640407 0.4335143 0.1627083 0.1666420 0.8705297
136.000000 -0.2336975 -0.4414376 -0.4730593 0.4439759 0.1633119 0.1820669 0.8620129
138.000000 -0.2557169 -0.4457388 -0.4791320 0.4382360 0.1780850 0.1892943 0.8604665
140.000000 -0.2630325 -0.4512591 -0.5005630 0.4404934 0.1880702 0.2015368 0.8543875
143.000000 -0.2607532 -0.4757121 -0.5283919 0.4418519 0.1920515 0.2039284 0.8522303
145.000000 -0.2658805 -0.4926965 -0.5359154 0.4477466 0.1795618 0.1936189 0.8542788
146.000000 -0.2690499 -0.5110422 -0.5442880 0.4522075 0.1609803 0.1752162 0.8595889
147.000000 -0.2673475 -0.5190731 -0.5517358 0.4565774 0.1558793 0.1713521 0.8589978
148.000000 -0.2573428 -0.5259803 -0.5692389 0.4593071 0.1530406 0.1624252 0.8597870
150.000000 -0.2259295 -0.5241236 -0.5890279 0.4684545 0.1310386 0.1424125 0.8620313
152.000000 -0.1840353 -0.5082661 -0.6061502 0.4695229 0.1092269 0.1201496 0.8678604
154.000000 -0.1437310 -0.4914971 -0.6191815 0.4652331 0.0814817 0.0930406 0.8765058
156.000000 -0.1044766 -0.4821661 -0.6278124 0.4677945 0.0501013 0.0601814 0.8803615
157.000000 -0.0696124 -0.4799109 -0.6301707 0.4774659 0.0215057 0.0468202 0.8771384
159.000000 -0.0072686 -0.4747336 -0.6244944 0.4743944 0.0018902 0.0470404 0.8790526
161.000000 0.0416629 -0.4635747 -0.6230249 0.4509918 -0.0026688 0.0281403 0.8920804
162.000000 0.0683218 -0.4717030 -0.6196635 0.4276466 -0.0108494 -0.0036566 0.9038735
164.000000 0.1100564 -0.4797989 -0.6126628 0.4254208 -0.0324951 -0.0205352 0.9041789
168.000000 0.1458366 -0.4942147 -0.5971606 0.4158961 -0.0581836 -0.0711584 0.9047550
170.000000 0.2034870 -0.4824118 -0.6062868 0.4193816 -0.0919038 -0.0815431 0.8994573
172.000000 0.2371971 -0.4843596 -0.6094475 0.4222710 -0.1154067 -0.0978199 0.8937560
174.000000 0.2645608 -0.5027884 -0.6154580 0.4256541 -0.1226353 -0.1060454 0.8902435
175.000000 0.2833084 -0.5136030 -0.6196881 0.4360447 -0.1217055 -0.0970201 0.8863633
177.000000 0.3149164 -0.5191726 -0.6208332 0.4360141 -0.1109721 -0.0739524 0.8900045
179.000000 0.3274272 -0.5274313 -0.6436128 0.4595270 -0.1021926 -0.0452712 0.8811028
181.000000 0.3465567 -0.5427125 -0.6670086 0.4802481 -0.0928501 0.0026354 0.8722005
183.000000 0.3461852 -0.5509896 -0.6835130 0.4849179 -0.0714660 0.0070915 0.8716060
184.000000 0.3508848 -0.5457677 -0.7026419 0.4912320 -0.0569624 0.0054368 0.8691472
185.000000 0.3511278 -0.5446480 -0.7161310 0.4947557 -0.0471461 0.0092281 0.8677033
187.000000 0.3312087 -0.5516999 -0.7285302 0.4961663 -0.0341447 0.0134686 0.8674513
189.000000 0.2855043 -0.5589806 -0.7502139 0.5056573 -0.0224817 0.0167572 0.8622787
192.000000 0.2250566 -0.5427816 -0.7804210 0.5262182 0.0080350 0.0485992 0.8489217
194.000000 0.1847112 -0.5319740 -0.7869894 0.5237142 0.0233390 0.0535882 0.8498865
198.000000 0.1086259 -0.5470957 -0.7880350 0.5202542 0.0437409 0.0615576 0.8506662
201.000000 0.0650968 -0.5563775 -0.7903322 0.5302663 0.0566920 0.0954960 0.8405262
204.000000 0.0124568 -0.5574023 -0.7897474 0.5363327 0.0763629 0.1129927 0.8329157
206.000000 -0.0201519 -0.5684854 -0.7899605 0.5409002 0.0962215 0.1316394 0.8251300
210.000000 -0.0398468 -0.5757048 -0.7879564 0.5394586 0.1105338 0.1508640 0.8209791
212.000000 -0.0902846 -0.5961641 -0.7839229 0.5408732 0.1264118 0.1637080 0.8152766
214.000000 -0.1321620 -0.6027215 -0.7785928 0.5316067 0.1420859 0.1730501 0.8168595
217.000000 -0.1972079 -0.6078739 -0.7759883 0.5245905 0.1580784 0.1710911 0.8188674
219.000000 -0.2392097 -0.6009524 -0.7729508 0.5205694 0.1603001 0.1640642 0.8224320
222.000000 -0.2680515 -0.5963434 -0.7610683 0.5122920 0.1678576 0.1550142 0.8278595
225.000000 -0.2926282 -0.6075681 -0.7226559 0.5068617 0.1725089 0.1563983 0.8299828
227.000000 -0.3020778 -0.6045411 -0.6783122 0.5036579 0.1593403 0.1640330 0.8330861
230.000000 -0.3027944 -0.5836524 -0.6513194 0.4996327 0.1460605 0.1242429 0.8447468
