0.000000 0.0000000 0.0000000 0.0000000 0.0000000 0.0000000 0.0000000 1.0000000
12.000000 0.0718451 -0.0058621 0.0071128 0.0227266 -0.0131677 -0.0056501 0.9996390
13.000000 0.0500645 -0.0120697 0.0104659 0.0211849 -0.0184052 -0.0028258 0.9996021
16.000000 0.0989677 -0.0205262 0.0114884 0.0396344 -0.0283610 -0.0101573 0.9987600
17.000000 0.1266497 -0.0207210 0.0087835 0.0445861 -0.0308604 -0.0022805 0.9985262
20.000000 0.1752696 -0.0156839 0.0073870 0.0508445 -0.0371992 0.0097486 0.9979659
22.000000 0.2025353 -0.0180978 0.0091338 0.0534601 -0.0420625 0.0157880 0.9975588
24.000000 0.2088912 -0.0175997 0.0145107 0.0589090 -0.0561416 -0.0060386 0.9966651
26.000000 0.2471742 -0.0252433 0.0157834 0.0629801 -0.0704840 -0.0286809 0.9951095
28.000000 0.2828548 -0.0321491 0.0148688 0.0783199 -0.0790485 -0.0372048 0.9930927
30.000000 0.3206857 -0.0340386 0.0220447 0.0813031 -0.0776795 -0.0447691 0.9926487
32.000000 0.3466365 -0.0422528 0.0237036 0.0895341 -0.0843052 -0.0432202 0.9914678
34.000000 0.3714777 -0.0472059 0.0229500 0.1007472 -0.0845779 -0.0299098 0.9908592
37.000000 0.3884561 -0.0582325 0.0281514 0.1056520 -0.0823251 -0.0257433 0.9906551
39.000000 0.3947091 -0.0736487 0.0265127 0.1157840 -0.0801308 -0.0172081 0.9898874
41.000000 0.4005743 -0.0939290 0.0184605 0.1407543 -0.0805731 -0.0116004 0.9866922
43.000000 0.3974317 -0.1013169 0.0096418 0.1559610 -0.0766337 -0.0057831 0.9847690
45.000000 0.3835640 -0.1082230 0.0020195 0.1646432 -0.0778536 -0.0016851 0.9832744
50.000000 0.3439420 -0.1168680 -0.0038519 0.1739290 -0.0611315 0.0089348 0.9828183
52.000000 0.3225033 -0.1182044 -0.0104353 0.1766109 -0.0534175 0.0116584 0.9827610
54.000000 0.2965232 -0.1221560 -0.0098472 0.1738455 -0.0481765 0.0229451 0.9833261
57.000000 0.2807753 -0.1210571 -0.0203133 0.1795300 -0.0370945 0.0280909 0.9826515
61.000000 0.2519094 -0.1345969 -0.0336669 0.1917407 -0.0621096 0.0071986 0.9794520
66.000000 0.1819363 -0.1465782 -0.0331973 0.2031158 -0.0115355 0.0257176 0.9787489
69.000000 0.1412565 -0.1504637 -0.0388803 0.2103854 0.0034564 0.0276040 0.9772226
72.000000 0.1145106 -0.1465135 -0.0415136 0.2138174 -0.0036858 0.0351434 0.9762343
75.000000 0.0815082 -0.1624809 -0.0472052 0.2126372 0.0103236 0.0392663 0.9762874
78.000000 0.0464440 -0.1761131 -0.0413064 0.2152992 0.0209283 0.0471740 0.9751835
80.000000 0.0199611 -0.1827712 -0.0377113 0.2167138 0.0287272 0.0446967 0.9747882
83.000000 -0.0171826 -0.1892700 -0.0365105 0.2213515 0.0384680 0.0474837 0.9732774
85.000000 -0.0440063 -0.1962064 -0.0389427 0.2287277 0.0382783 0.0474547 0.9715794
88.000000 -0.0734795 -0.1935109 -0.0495934 0.2350661 0.0310171 0.0430362 0.9705306
91.000000 -0.0862426 -0.2064857 -0.0509828 0.2394722 0.0305724 0.0395550 0.9696153
94.000000 -0.0624232 -0.2217467 -0.0748055 0.2686039 0.0099828 0.0200098 0.9629911
95.000000 -0.0536001 -0.2227223 -0.0797503 0.2765687 0.0000155 0.0162074 0.9608575
96.000000 -0.0508328 -0.2314823 -0.0904062 0.2879664 -0.0029635 0.0144371 0.9575271
97.000000 -0.0542347 -0.2431955 -0.0959112 0.2929375 0.0041974 0.0296823 0.9556615
100.000000 -0.0297289 -0.2507949 -0.1016312 0.3088475 -0.0017603 0.0206076 0.9508867
102.000000 -0.0039385 -0.2476666 -0.1032986 0.3118048 -0.0166975 0.0158575 0.9498671
104.000000 0.0255238 -0.2445226 -0.1060917 0.3196734 -0.0321885 0.0027399 0.9469770
106.000000 0.0521397 -0.2410271 -0.1050864 0.3213802 -0.0519024 -0.0128715 0.9454392
109.000000 0.0611153 -0.2559850 -0.1071111 0.3250418 -0.0727818 -0.0118796 0.9428200
111.000000 0.0967932 -0.2496466 -0.1141079 0.3279769 -0.0907435 -0.0192686 0.9401199
113.000000 0.1289946 -0.2498717 -0.1085733 0.3263484 -0.0925076 -0.0188272 0.9405236
115.000000 0.1684770 -0.2471995 -0.1057328 0.3167565 -0.1043380 -0.0255789 0.9424037
117.000000 0.1789155 -0.2493024 -0.1032553 0.3090746 -0.1114632 -0.0107436 0.9444222
119.000000 0.2202900 -0.2490511 -0.1013935 0.3194177 -0.1243463 -0.0352956 0.9387569
121.000000 0.2648803 -0.2498845 -0.1025226 0.3229120 -0.1391623 -0.0467737 0.9349727
126.000000 0.3160273 -0.2576818 -0.1140344 0.3229483 -0.1719652 -0.0703566 0.9279991
128.000000 0.3504729 -0.2607706 -0.1151982 0.3252076 -0.1951915 -0.0764219 0.9221171
130.000000 0.3890712 -0.2697356 -0.1136130 0.3210193 -0.2085646 -0.0808964 0.9202734
132.000000 0.4141971 -0.2736194 -0.1185076 0.3321120 -0.2022249 -0.0833157 0.9175321
134.000000 0.4248771 -0.2819822 -0.1363117 0.3362631 -0.1952833 -0.0801748 0.9178036
136.000000 0.4298769 -0.2914662 -0.1617810 0.3582192 -0.1787296 -0.0728335 0.9134714
137.000000 0.4216882 -0.2989479 -0.1822468 0.3576811 -0.1681212 -0.0698028 0.9159296
142.000000 0.3991023 -0.3085546 -0.2136944 0.3672709 -0.1503051 -0.0600960 0.9159197
143.000000 0.3872328 -0.3050084 -0.2181938 0.3648337 -0.1387353 -0.0472127 0.9194672
145.000000 0.3632914 -0.2969735 -0.2271639 0.3652440 -0.1115373 -0.0295619 0.9237328
148.000000 0.3382206 -0.3129587 -0.2267903 0.3740060 -0.1139914 -0.0330223 0.9198017
149.000000 0.3211544 -0.3165521 -0.2292032 0.3690909 -0.1004865 -0.0207331 0.9237123
150.000000 0.2764018 -0.3172083 -0.2263155 0.3638647 -0.0675854 -0.0050865 0.9289827
151.000000 0.2663441 -0.3189804 -0.2314439 0.3607434 -0.0525008 0.0014892 0.9311851
153.000000 0.2675579 -0.3185960 -0.2243906 0.3707482 -0.0609673 -0.0006765 0.9267299
155.000000 0.2574100 -0.3283435 -0.2287105 0.3638535 -0.0468047 0.0068970 0.9302539
156.000000 0.2169839 -0.3326214 -0.2346892 0.3613674 -0.0258759 0.0269197 0.9316756
157.000000 0.2006489 -0.3384577 -0.2333659 0.3594563 -0.0110214 0.0328619 0.9325179
158.000000 0.1723405 -0.3440806 -0.2355335 0.3647525 0.0064055 0.0388217 0.9302728
161.000000 0.1542248 -0.3519818 -0.2375822 0.3676397 0.0058848 0.0485211 0.9286830
162.000000 0.1575284 -0.3635644 -0.2268777 0.3615459 -0.0070449 0.0404514 0.9314497
163.000000 0.1671973 -0.3783104 -0.2322012 0.3529886 -0.0168456 0.0336712 0.9348698
164.000000 0.1496541 -0.3785301 -0.2373296 0.3531531 -0.0107707 0.0361978 0.9348029
