26.000000 0.0000000 0.0000000 0.0000000 0.0000000 0.0000000 0.0000000 1.0000000
28.000000 -0.0290855 -0.0001092 -0.0149938 0.0037157 0.0042398 -0.0075494 0.9999556
29.000000 -0.0423507 0.0044632 -0.0187045 0.0039725 0.0027309 -0.0054265 0.9999737
33.000000 -0.0698490 0.0220785 -0.0465076 0.0172721 0.0056258 0.0158445 0.9997094
36.000000 -0.0620198 0.0284633 -0.0638402 0.0281116 -0.0167395 -0.0047666 0.9994532
37.000000 -0.0695915 0.0319707 -0.0764053 0.0374449 -0.0277792 0.0079701 0.9988807
39.000000 -0.0992100 0.0453961 -0.0980047 0.0508553 -0.0284485 0.0062783 0.9982810
41.000000 -0.1212866 0.0378048 -0.1064128 0.0555564 -0.0203919 0.0178977 0.9980868
43.000000 -0.1507673 0.0204062 -0.1045199 0.0478315 -0.0174420 0.0227950 0.9984429
45.000000 -0.2104911 -0.0059894 -0.1013325 0.0555157 -0.0171204 0.0178333 0.9981517
47.000000 -0.2384319 -0.0097557 -0.0942068 0.0479936 0.0072548 0.0546476 0.9973252
49.000000 -0.2652296 -0.0061898 -0.1070936 0.0589164 0.0111881 0.0765672 0.9952593
51.000000 -0.2981278 -0.0037984 -0.1243547 0.0538555 0.0232782 0.0859587 0.9945697
53.000000 -0.3349587 -0.0022002 -0.1322802 0.0558550 0.0197886 0.1013355 0.9930860
55.000000 -0.3709022 0.0035059 -0.1440397 0.0572548 0.0233908 0.1019746 0.9928625
57.000000 -0.3991430 0.0121520 -0.1562659 0.0584376 0.0325554 0.1160332 0.9909902
59.000000 -0.4316615 0.0112306 -0.1680192 0.0706043 0.0488025 0.1290941 0.9879110
61.000000 -0.4581692 -0.0088383 -0.1851023 0.0972197 0.0472071 0.1317553 0.9853732
63.000000 -0.4819272 -0.0724711 -0.1774726 0.0993864 0.0534415 0.1412281 0.9835248
66.000000 -0.4967594 -0.0439112 -0.2029317 0.1417321 0.0552818 0.1186175 0.9812165
70.000000 -0.4995977 -0.0600297 -0.2043649 0.1520516 0.0608087 0.1126797 0.9800438
72.000000 -0.4967726 -0.0804198 -0.2114465 0.1645401 0.0603351 0.1079552 0.9785867
75.000000 -0.4822287 -0.0868500 -0.2176291 0.1754991 0.0539113 0.0995287 0.9779508
77.000000 -0.4546354 -0.0885387 -0.2259760 0.1949348 0.0502918 0.0812588 0.9761497
79.000000 -0.4286835 -0.0804787 -0.2426922 0.2142958 0.0313637 0.0592010 0.9744685
81.000000 -0.4074353 -0.0794933 -0.2503430 0.2273858 0.0265109 0.0519241 0.9720580
83.000000 -0.3791741 -0.0838697 -0.2494046 0.2331763 0.0240946 0.0456870 0.9710618
85.000000 -0.3458029 -0.0840241 -0.2454033 0.2348475 0.0214619 0.0383740 0.9710373
87.000000 -0.3149504 -0.0723564 -0.2507509 0.2389577 0.0072193 0.0283862 0.9705881
90.000000 -0.2646760 -0.0645229 -0.2533824 0.2449910 -0.0047353 0.0112016 0.9694490
91.000000 -0.2474656 -0.0611268 -0.2558715 0.2458478 -0.0094016 0.0083548 0.9692268
97.000000 -0.1900468 -0.0681565 -0.2553370 0.2612025 -0.0415333 -0.0216588 0.9641469
100.000000 -0.1431279 -0.0761358 -0.2559230 0.2699954 -0.0605487 -0.0339860 0.9603548
101.000000 -0.1063702 -0.0826608 -0.2526054 0.2709492 -0.0714662 -0.0375290 0.9592032
104.000000 -0.0486192 -0.0893840 -0.2516749 0.2729756 -0.0823381 -0.0401100 0.9576513
106.000000 -0.0127235 -0.0897320 -0.2453342 0.2712836 -0.0899266 -0.0367273 0.9575853
110.000000 0.0416489 -0.0951864 -0.2426203 0.2731218 -0.1204996 -0.0302881 0.9539219
112.000000 0.0712840 -0.1025138 -0.2383837 0.2835368 -0.1391219 -0.0325224 0.9482585
115.000000 0.0959243 -0.1157028 -0.2297420 0.2904705 -0.1378893 -0.0216393 0.9466494
117.000000 0.1180630 -0.1206408 -0.2292271 0.2993587 -0.1240908 -0.0190624 0.9458448
122.000000 0.1384209 -0.1401216 -0.2461425 0.3224757 -0.1211141 -0.0121020 0.9387195
125.000000 0.1340161 -0.1474240 -0.2602696 0.3295314 -0.1149525 -0.0200932 0.9369051
131.000000 0.1088017 -0.1625649 -0.2793382 0.3326341 -0.1008015 -0.0239695 0.9373468
134.000000 0.0867302 -0.1686509 -0.2952960 0.3299738 -0.0797639 -0.0072804 0.9405860
135.000000 0.0789181 -0.1684094 -0.3008097 0.3377271 -0.0754820 -0.0039584 0.9382042
136.000000 0.0550064 -0.1678858 -0.3108165 0.3483728 -0.0707715 -0.0017992 0.9346789
137.000000 0.0465788 -0.1689485 -0.3174161 0.3531513 -0.0691135 0.0067002 0.9329858
138.000000 0.0387300 -0.1704461 -0.3200576 0.3563109 -0.0618836 0.0138473 0.9322131
139.000000 0.0256911 -0.1746207 -0.3251691 0.3576241 -0.0506804 0.0155057 0.9323605
141.000000 -0.0033229 -0.1743435 -0.3332098 0.3650768 -0.0510113 0.0121724 0.9294991
142.000000 -0.0238644 -0.1733783 -0.3444898 0.3715484 -0.0483799 0.0078803 0.9271187
145.000000 -0.0590276 -0.1732896 -0.3498916 0.3713037 -0.0291167 0.0203981 0.9278306
149.000000 -0.1197681 -0.1799426 -0.3520705 0.3704290 0.0093325 0.0489048 0.9275255
154.000000 -0.1570846 -0.1714443 -0.3658690 0.3763601 -0.0021165 0.0567004 0.9247344
156.000000 -0.1595843 -0.1688426 -0.3785340 0.3846465 0.0147517 0.0371496 0.9221981
161.000000 -0.1534719 -0.1452168 -0.4033629 0.3835693 0.0019890 0.0176652 0.9233410
165.000000 -0.1686244 -0.1356788 -0.4028958 0.3714249 -0.0090728 0.0147909 0.9283009
168.000000 -0.1849832 -0.1148496 -0.4201843 0.3798715 -0.0137507 0.0090723 0.9248925
170.000000 -0.2287772 -0.1257844 -0.4366975 0.3853124 -0.0019762 0.0219273 0.9225235
172.000000 -0.2990577 -0.1444390 -0.4340137 0.3894646 0.0297588 0.0327403 0.9199781
174.000000 -0.3469837 -0.1664401 -0.4202117 0.3845620 0.0483241 0.0468410 0.9206426
177.000000 -0.3869455 -0.1838187 -0.4126968 0.3775284 0.0632327 0.0496846 0.9224995
179.000000 -0.4017285 -0.1834183 -0.4124004 0.3794007 0.0682485 0.0508651 0.9213089
180.000000 -0.4180010 -0.1861959 -0.4154972 0.3860594 0.0749179 0.0493669 0.9181004
184.000000 -0.4847781 -0.1969717 -0.4361181 0.3996431 0.0912981 0.0443551 0.9110338
186.000000 -0.5134658 -0.2055016 -0.4502075 0.4005951 0.0882308 0.0388187 0.9111707
189.000000 -0.5278192 -0.2137586 -0.4592187 0.3999093 0.0842483 0.0505954 0.9112710
193.000000 -0.5248301 -0.2228859 -0.4835862 0.4057064 0.0742052 0.0606604 0.9089644
196.000000 -0.5099860 -0.2379356 -0.5036314 0.4135772 0.0588889 0.0582810 0.9066914
199.000000 -0.4706715 -0.2378717 -0.5244368 0.4290918 0.0341171 0.0466620 0.9014094
202.000000 -0.4193366 -0.2255930 -0.5516440 0.4364701 0.0136881 0.0449914 0.8984889
204.000000 -0.3835323 -0.2159544 -0.5556520 0.4366685 -0.0025539 0.0392617 0.8987617
207.000000 -0.3339874 -0.2129852 -0.5547076 0.4292802 -0.0231062 0.0288412 0.9024150
209.000000 -0.2884713 -0.2011440 -0.5587730 0.4331872 -0.0364830 0.0233849 0.9002616
211.000000 -0.2388471 -0.1889263 -0.5612339 0.4333720 -0.0512955 0.0150490 0.8996283
213.000000 -0.2375566 -0.1928627 -0.5654908 0.4410094 -0.0441298 0.0150780 0.8962901
214.000000 -0.2470386 -0.2011941 -0.5600606 0.4333866 -0.0527586 0.0166538 0.8995084
215.000000 -0.2335536 -0.2057820 -0.5581480 0.4317662 -0.0643608 0.0111737 0.8996170
217.000000 -0.1910834 -0.2056375 -0.5463848 0.4301453 -0.0829725 -0.0142197 0.8988261
218.000000 -0.1732757 -0.2025045 -0.5483304 0.4352538 -0.0864065 -0.0219339 0.8958833
223.000000 -0.1966995 -0.2095947 -0.5500495 0.4413905 -0.0595723 -0.0075313 0.8953038
225.000000 -0.2154329 -0.2023560 -0.5518628 0.4446845 -0.0412179 0.0007392 0.8947381
228.000000 -0.2433018 -0.2097251 -0.5518142 0.4400304 -0.0225196 0.0136537 0.8975966
230.000000 -0.2587619 -0.2071252 -0.5512787 0.4409577 -0.0062175 0.0251741 0.8971533
232.000000 -0.2667671 -0.2085029 -0.5537979 0.4420995 0.0069840 0.0364571 0.8961976
236.000000 -0.2704760 -0.2051417 -0.5528949 0.4445126 0.0152709 0.0420118 0.8946565
243.000000 -0.2660146 -0.2232376 -0.5473367 0.4337727 0.0205188 0.0477346 0.8995230
247.000000 -0.2691905 -0.2271981 -0.5398213 0.4331183 0.0185247 0.0484379 0.8998440
254.000000 -0.2839788 -0.2173789 -0.5481269 0.4334990 0.0255334 0.0515880 0.8993138
256.000000 -0.2958380 -0.2143382 -0.5472487 0.4339490 0.0333157 0.0536168 0.8987233
259.000000 -0.2582186 -0.2007602 -0.5516572 0.4285294 0.0311910 0.0595825 0.9010215
262.000000 -0.2884023 -0.2046930 -0.5474308 0.4125442 0.0338655 0.0680389 0.9077616
