33.000000 0.0000000 0.0000000 0.0000000 0.0000000 0.0000000 0.0000000 1.0000000
39.000000 0.0894301 0.0105608 -0.0056080 0.0028768 -0.0047340 0.0025356 0.9999815
41.000000 0.1189220 0.0121961 -0.0005825 -0.0043486 0.0020163 0.0179027 0.9998282
44.000000 0.1424039 0.0102536 0.0001732 -0.0083430 0.0106690 0.0233522 0.9996356
48.000000 0.0783088 -0.0132561 0.0063488 -0.0078034 0.0223422 0.0346477 0.9991193
52.000000 -0.0640005 -0.0395791 0.0029047 -0.0052222 0.0345038 0.0605998 0.9975519
56.000000 -0.1041548 -0.0491929 0.0009527 -0.0053473 0.0320317 0.0618679 0.9975559
58.000000 -0.1149297 -0.0600069 0.0005552 0.0023278 0.0283468 0.0473559 0.9984730
60.000000 -0.1646415 -0.0836044 0.0005144 0.0199423 0.0367463 0.0560167 0.9975541
62.000000 -0.2149222 -0.1001158 -0.0056183 0.0308307 0.0384294 0.0526641 0.9973962
64.000000 -0.2566563 -0.1081077 -0.0169690 0.0411751 0.0328591 0.0465067 0.9975280
66.000000 -0.2979121 -0.1237825 -0.0362246 0.0626830 0.0395882 0.0468738 0.9961458
69.000000 -0.3395396 -0.1486442 -0.0529297 0.0494512 0.0613252 0.0689070 0.9945077
71.000000 -0.3506611 -0.1554727 -0.0697370 0.0590713 0.0682378 0.0689598 0.9935284
75.000000 -0.3407754 -0.1720042 -0.1025178 0.0783722 0.0617153 0.0641103 0.9929445
77.000000 -0.3291399 -0.1816943 -0.1271011 0.0965464 0.0471924 0.0525852 0.9928174
79.000000 -0.3138315 -0.1834258 -0.1423812 0.1103746 0.0296180 0.0346219 0.9928452
81.000000 -0.2890792 -0.1845977 -0.1582405 0.1179912 0.0150804 -0.0015820 0.9928988
84.000000 -0.2371850 -0.1934502 -0.1980952 0.1127479 -0.0137727 -0.0153978 0.9934089
86.000000 -0.2024935 -0.2061851 -0.2091252 0.1251673 -0.0040815 -0.0292768 0.9916952
88.000000 -0.1839243 -0.2135219 -0.2200666 0.1339248 -0.0038427 -0.0536321 0.9895317
91.000000 -0.1399288 -0.2112339 -0.2414848 0.1559826 -0.0192800 -0.1119781 0.9812027
93.000000 -0.0997986 -0.2279353 -0.2448046 0.1616981 -0.0266787 -0.1125352 0.9800397
95.000000 -0.0681280 -0.2431014 -0.2521419 0.1675899 -0.0313779 -0.1381097 0.9756305
97.000000 -0.0428955 -0.2509132 -0.2582396 0.1673337 -0.0286096 -0.1485067 0.9742313
99.000000 -0.0089465 -0.2605304 -0.2744513 0.1795952 -0.0363970 -0.1391464 0.9731696
128.000000 -0.3275101 -0.3281474 -0.2562076 0.1814546 0.0280742 0.2095746 0.9603981
130.000000 -0.3365026 -0.3363364 -0.2587781 0.1895258 0.0369291 0.2254638 0.9549253
132.000000 -0.3479143 -0.3471610 -0.2535514 0.1819481 0.0404320 0.2272941 0.9558229
138.000000 -0.2578637 -0.3121789 -0.2605770 0.1627404 0.0133207 0.1509750 0.9749588
141.000000 -0.2217743 -0.3035976 -0.2682044 0.1715778 0.0000800 0.1254929 0.9771451
144.000000 -0.1877713 -0.2996064 -0.2793514 0.1821520 -0.0148352 0.0987009 0.9781916
146.000000 -0.1604059 -0.2919228 -0.2851338 0.1930584 -0.0214124 0.0556304 0.9793749
148.000000 -0.1629618 -0.2931263 -0.2792616 0.1948291 -0.0302088 -0.0057550 0.9803550
150.000000 -0.1444985 -0.3082596 -0.2765702 0.1830845 -0.0572522 -0.0443191 0.9804275
153.000000 -0.0842674 -0.2879366 -0.2973670 0.1795692 -0.0835730 -0.1482389 0.9689147
156.000000 -0.0404373 -0.2940114 -0.2985522 0.1620054 -0.0865614 -0.1566136 0.9704296
159.000000 -0.0200523 -0.3206309 -0.3132870 0.1597561 -0.0830876 -0.1323398 0.9747105
161.000000 -0.0159838 -0.3351305 -0.3283623 0.1835955 -0.0847205 -0.1094195 0.9732125
163.000000 -0.0098427 -0.3495262 -0.3450435 0.2003683 -0.0847224 -0.0824875 0.9725587
165.000000 -0.0045401 -0.3537811 -0.3600410 0.2105000 -0.0729967 -0.0690026 0.9724196
168.000000 -0.0043643 -0.3657851 -0.3748726 0.2174587 -0.0651291 -0.0657179 0.9716744
170.000000 -0.0106915 -0.3783326 -0.3819968 0.2203441 -0.0642263 -0.0622943 0.9713099
172.000000 -0.0240325 -0.3847391 -0.3950231 0.2295522 -0.0470336 -0.0382847 0.9714051
174.000000 -0.0391569 -0.3885405 -0.3996656 0.2337588 -0.0372025 -0.0107135 0.9715235
176.000000 -0.0644692 -0.3970637 -0.3965684 0.2316614 -0.0112935 0.0175428 0.9725727
179.000000 -0.0735105 -0.3848287 -0.3887469 0.2272665 0.0044945 0.0040977 0.9738136
181.000000 -0.1109183 -0.3868889 -0.3787934 0.2205235 0.0222206 0.0196467 0.9749306
183.000000 -0.1299732 -0.3795836 -0.3790922 0.2184718 0.0289741 0.0235934 0.9751276
185.000000 -0.1644980 -0.3876978 -0.3740793 0.2057857 0.0366849 0.0396864 0.9771036
188.000000 -0.1976759 -0.3932390 -0.3789687 0.2180496 0.0567611 0.0802388 0.9709759
190.000000 -0.2355590 -0.4042670 -0.3848790 0.2285313 0.0725397 0.1071060 0.9649040
192.000000 -0.2603374 -0.4076889 -0.3871647 0.2350490 0.0814716 0.1266297 0.9602495
197.000000 -0.3156512 -0.4361548 -0.3819608 0.2403069 0.1158115 0.1888534 0.9450791
202.000000 -0.3752323 -0.4108537 -0.3888882 0.2251351 0.1113951 0.2170573 0.9432876
203.000000 -0.3777167 -0.4089186 -0.3881289 0.2202671 0.1136318 0.2157589 0.9444672
205.000000 -0.3694081 -0.4033030 -0.3885241 0.2145024 0.1043311 0.2088063 0.9484217
209.000000 -0.3938816 -0.4444387 -0.3790805 0.2238892 0.1335567 0.2362156 0.9360760
211.000000 -0.4134628 -0.4577595 -0.3882033 0.2171775 0.1369278 0.2472581 0.9343169
216.000000 -0.4208983 -0.4764673 -0.4053593 0.2024351 0.1319728 0.2667961 0.9329646
218.000000 -0.4147084 -0.4662452 -0.4236507 0.2105791 0.1289272 0.2762387 0.9288306
222.000000 -0.4062033 -0.4759491 -0.4440566 0.2289780 0.1320642 0.2759215 0.9241188
225.000000 -0.3942391 -0.4680068 -0.4627954 0.2456990 0.1248414 0.2631670 0.9245484
227.000000 -0.3644770 -0.4485245 -0.4772429 0.2588253 0.1090269 0.2315126 0.9314100
229.000000 -0.3384604 -0.4299136 -0.4830585 0.2571753 0.0940233 0.2052543 0.9396229
231.000000 -0.2948398 -0.3923594 -0.4768750 0.2648406 0.0662511 0.1675843 0.9473044
233.000000 -0.2749925 -0.3806172 -0.4765204 0.2688502 0.0529621 0.1421994 0.9511540
236.000000 -0.2586803 -0.4068842 -0.4759875 0.2770822 0.0449076 0.1140409 0.9529971
238.000000 -0.2269527 -0.4002823 -0.4834122 0.3204451 0.0194586 0.0264380 0.9466981
240.000000 -0.1899875 -0.3860334 -0.4907706 0.3402500 -0.0122472 -0.0296688 0.9397871
241.000000 -0.1771527 -0.3795718 -0.4859825 0.3407035 -0.0306482 -0.0715731 0.9369414
244.000000 -0.1669853 -0.3773050 -0.4946569 0.3437989 -0.0436359 -0.0679741 0.9355628
246.000000 -0.1092310 -0.3742427 -0.4876917 0.3369678 -0.0734169 -0.1094852 0.9322423
248.000000 -0.0831007 -0.3829694 -0.4851325 0.3309693 -0.0891166 -0.1176051 0.9320336
250.000000 -0.0461715 -0.3916399 -0.4874970 0.3320244 -0.1081845 -0.1254649 0.9286089
252.000000 -0.0067413 -0.4083524 -0.4813374 0.3317183 -0.1405243 -0.1405298 0.9222078
254.000000 0.0207076 -0.4150293 -0.4799536 0.3460562 -0.1335058 -0.1419514 0.9177533
255.000000 0.0308826 -0.4196466 -0.4779553 0.3506314 -0.1312877 -0.1392454 0.9167507
257.000000 0.0282057 -0.4311099 -0.4701246 0.3574231 -0.1216861 -0.1272454 0.9171968
258.000000 0.0377076 -0.4360136 -0.4655896 0.3544958 -0.1289836 -0.1264123 0.9174508
259.000000 0.0780813 -0.4335091 -0.4551499 0.3719213 -0.1395646 -0.1593197 0.9037774
260.000000 0.1094826 -0.4505701 -0.4409929 0.3785800 -0.1555990 -0.1710852 0.8962120
262.000000 0.1232521 -0.4588439 -0.4371519 0.3771573 -0.1716121 -0.1839556 0.8913260
265.000000 0.1374131 -0.4685463 -0.4515561 0.3931677 -0.1858146 -0.1923051 0.8797220
267.000000 0.1297960 -0.4810575 -0.4612368 0.4027354 -0.1859844 -0.1873863 0.8764134
268.000000 0.1263012 -0.4848142 -0.4627851 0.4043244 -0.1889199 -0.1870218 0.8751308
272.000000 0.1300882 -0.4762076 -0.4876814 0.4566822 -0.1719011 -0.1643887 0.8572443
273.000000 0.1319433 -0.4719538 -0.4928484 0.4621637 -0.1729642 -0.1612661 0.8546820
275.000000 0.1511165 -0.4550458 -0.5069462 0.4805479 -0.1828249 -0.1559773 0.8433978
277.000000 0.1778718 -0.4405138 -0.5100717 0.4897188 -0.1949577 -0.1518495 0.8361272
279.000000 0.2101521 -0.4348916 -0.5095988 0.4885147 -0.2260318 -0.1512262 0.8290921
286.000000 0.2284095 -0.4118673 -0.5146860 0.4736277 -0.2561636 -0.1799989 0.8231995
288.000000 0.2303770 -0.3980122 -0.5233597 0.4803527 -0.2581099 -0.1850285 0.8175604
291.000000 0.2377195 -0.3696207 -0.5364180 0.4936513 -0.2462261 -0.1851492 0.8132656
293.000000 0.2414557 -0.3532243 -0.5456021 0.5113843 -0.2171504 -0.1779203 0.8122045
295.000000 0.2334694 -0.3434680 -0.5560481 0.5400652 -0.1816480 -0.1695781 0.8041001
297.000000 0.2268809 -0.3437848 -0.5621569 0.5537163 -0.1704683 -0.1683846 0.7974870
299.000000 0.2270786 -0.3423606 -0.5659806 0.5646275 -0.1618830 -0.1636921 0.7925872
301.000000 0.2202016 -0.3349038 -0.5703620 0.5773310 -0.1463810 -0.1596871 0.7872493
303.000000 0.1994574 -0.3397281 -0.5655124 0.5586685 -0.1445322 -0.1655470 0.7997463
305.000000 0.1822744 -0.3398535 -0.5614884 0.5443516 -0.1383471 -0.1666396 0.8104151
308.000000 0.1374610 -0.3313713 -0.5549932 0.5128638 -0.1212500 -0.1651112 0.8336710
310.000000 0.1012656 -0.3247219 -0.5442556 0.4804293 -0.1127416 -0.1801867 0.8508877
314.000000 0.0493310 -0.3141416 -0.5422140 0.4700254 -0.0935752 -0.1731205 0.8604354
317.000000 0.0391335 -0.3089524 -0.5461388 0.4769908 -0.0794383 -0.1548127 0.8615116
320.000000 0.0026418 -0.2897168 -0.5560134 0.5195392 -0.0290459 -0.1088955 0.8469812
