0.000000 0.0000000 0.0000000 0.0000000 0.0000000 0.0000000 0.0000000 1.0000000
17.000000 0.0894731 -0.0041042 -0.0078048 -0.0024956 0.0120681 0.0291257 0.9994998
18.000000 0.0999507 -0.0054799 -0.0085947 -0.0017839 0.0135656 0.0278467 0.9995186
19.000000 0.1214838 -0.0062948 -0.0102939 -0.0025248 0.0166247 0.0294108 0.9994259
21.000000 0.1398328 -0.0054686 -0.0148418 0.0000206 0.0228963 0.0396203 0.9989524
22.000000 0.1580548 -0.0071926 -0.0208711 0.0102424 0.0311626 0.0490508 0.9982575
23.000000 0.1758580 -0.0087457 -0.0245489 0.0124775 0.0374725 0.0559530 0.9976519
27.000000 0.2123560 -0.0349647 -0.0239633 0.0197112 0.0508253 0.0738980 0.9957747
29.000000 0.2213104 -0.0630551 -0.0255927 0.0312285 0.0519476 0.0790169 0.9950289
31.000000 0.2065526 -0.0887083 -0.0276593 0.0659913 0.0528690 0.0824368 0.9930026
33.000000 0.1739915 -0.1222823 -0.0186218 0.1366987 0.0450558 0.0775578 0.9865436
35.000000 0.1488625 -0.1523434 -0.0255539 0.1575822 0.0479652 0.0728235 0.9836482
37.000000 0.1489709 -0.1485445 -0.0353682 0.1584401 0.0369720 0.0582377 0.9849559
45.000000 0.2667375 -0.1234440 -0.0692142 0.1150319 0.0180192 0.0081900 0.9931646
48.000000 0.2465421 -0.1223096 -0.0808494 0.1352302 0.0215406 0.0188754 0.9904002
51.000000 0.2251645 -0.1327383 -0.0944352 0.1492654 0.0211113 0.0211070 0.9883464
54.000000 0.2080241 -0.1431407 -0.1233897 0.1718138 0.0216828 0.0206913 0.9846734
57.000000 0.1976953 -0.1531821 -0.1504343 0.2038887 0.0160245 0.0206024 0.9786461
59.000000 0.1940948 -0.1703502 -0.1713944 0.2282312 0.0144371 0.0177893 0.9733374
61.000000 0.2038855 -0.1874702 -0.1863277 0.2417211 0.0130033 0.0261075 0.9699073
63.000000 0.2085951 -0.1985339 -0.2020560 0.2577518 0.0118086 0.0313382 0.9656306
65.000000 0.2049662 -0.2071278 -0.2175500 0.2714892 0.0093248 0.0330974 0.9618270
67.000000 0.1973396 -0.2160988 -0.2355789 0.2768978 0.0041487 0.0289896 0.9604530
69.000000 0.1875356 -0.2321728 -0.2579811 0.2933585 -0.0035470 0.0313719 0.9554811
71.000000 0.1858318 -0.2479485 -0.2785481 0.3077901 -0.0163921 0.0324313 0.9507601
72.000000 0.1786495 -0.2572799 -0.2927132 0.3152327 -0.0217669 0.0262365 0.9484019
74.000000 0.1673408 -0.2687173 -0.3125858 0.3262701 -0.0316673 0.0208937 0.9445149
76.000000 0.1641123 -0.2823195 -0.3373407 0.3453434 -0.0358788 0.0219115 0.9375343
77.000000 0.1583176 -0.2921754 -0.3515309 0.3560613 -0.0390282 0.0207112 0.9334175
79.000000 0.1433416 -0.3075182 -0.3798759 0.3796708 -0.0506113 0.0164436 0.9235898
80.000000 0.1357808 -0.3174490 -0.4012466 0.3877406 -0.0470306 0.0175374 0.9204009
83.000000 0.1265302 -0.3321146 -0.4351948 0.3944167 -0.0290604 0.0086371 0.9184315
86.000000 0.1118467 -0.3506980 -0.4804957 0.4072920 -0.0200098 0.0047791 0.9130663
89.000000 0.1052296 -0.3692811 -0.5032560 0.4136136 -0.0144031 0.0029391 0.9103338
92.000000 0.0941873 -0.3887799 -0.5294147 0.4278903 -0.0174375 -0.0026968 0.9036584
94.000000 0.0877459 -0.3907750 -0.5352709 0.4329895 -0.0195372 -0.0056099 0.9011697
95.000000 0.0847794 -0.3956306 -0.5433613 0.4339887 -0.0198080 -0.0061014 0.9006799
96.000000 0.0820751 -0.4075840 -0.5596375 0.4495255 -0.0323028 -0.0042699 0.8926730
99.000000 0.0774742 -0.4321181 -0.5939833 0.4664264 -0.0390853 0.0010591 0.8836954
101.000000 0.0816483 -0.4375519 -0.6244968 0.4818477 -0.0359197 0.0035735 0.8755112
103.000000 0.0782041 -0.4486433 -0.6381896 0.4858231 -0.0297245 -0.0009972 0.8735510
105.000000 0.0798511 -0.4598125 -0.6493306 0.4902071 -0.0241132 -0.0004877 0.8712723
116.000000 0.0308625 -0.4681530 -0.6603438 0.4827013 -0.0173948 -0.0136475 0.8755059
118.000000 -0.0003460 -0.4729404 -0.6581346 0.4808967 -0.0035859 -0.0106175 0.8767056
120.000000 -0.0277768 -0.4774581 -0.6565955 0.4829847 0.0136480 -0.0057715 0.8755034
122.000000 -0.0786904 -0.4881403 -0.6436828 0.4782862 0.0375205 0.0015069 0.8774008
124.000000 -0.1310083 -0.4977759 -0.6294165 0.4637592 0.0734777 0.0404393 0.8819825
126.000000 -0.1772255 -0.5057282 -0.6285006 0.4840646 0.0789813 0.0568984 0.8696011
129.000000 -0.1919516 -0.4678778 -0.6383886 0.5172696 0.0753749 0.0476978 0.8511614
131.000000 -0.2451786 -0.4855190 -0.6461209 0.5122118 0.0765506 0.0492827 0.8540201
135.000000 -0.2552850 -0.4800197 -0.6060005 0.4917611 0.0641358 0.0516327 0.8668286
137.000000 -0.2524358 -0.4687018 -0.5874303 0.4722281 0.0694082 0.0496623 0.8773350
139.000000 -0.2496743 -0.4473304 -0.5674492 0.4613434 0.0710444 0.0501071 0.8829520
142.000000 -0.2371546 -0.4305190 -0.5442312 0.4448586 0.0673345 0.0479696 0.8917767
145.000000 -0.2275154 -0.4107024 -0.5175202 0.4256390 0.0509979 0.0418398 0.9024855
148.000000 -0.2174090 -0.3999128 -0.4911280 0.4051959 0.0543017 0.0354096 0.9119286
151.000000 -0.2166172 -0.3787109 -0.4490958 0.3818873 0.0550898 0.0332585 0.9219658
226.000000 0.2898088 -0.0349468 0.2211674 0.0847090 -0.0466890 -0.0297469 0.9948666
229.000000 0.3040391 -0.0844529 0.1655130 0.1307688 -0.0390867 -0.0371972 0.9899435
233.000000 0.3111991 -0.1274381 0.1229261 0.1745239 -0.0318616 -0.0350636 0.9835125
237.000000 0.3099640 -0.1349961 0.1047338 0.1889485 -0.0209373 -0.0269696 0.9813933
241.000000 0.3083227 -0.1523783 0.0726567 0.2106566 -0.0356336 -0.0268266 0.9765421
245.000000 0.2540868 -0.1499305 0.0504796 0.2325219 0.0043960 0.0036794 0.9725742
248.000000 0.1655676 -0.1553333 0.0337396 0.2482567 0.0470769 0.0225254 0.9672874
251.000000 0.0996448 -0.1642655 0.0342482 0.2479090 0.0728596 0.0386462 0.9652663
254.000000 0.0349258 -0.1716138 0.0371185 0.2524092 0.1032496 0.0644512 0.9599349
