21.000000 0.0000000 0.0000000 0.0000000 0.0000000 0.0000000 0.0000000 1.0000000
24.000000 0.0445349 0.0015817 0.0050382 0.0078648 -0.0121662 0.0055776 0.9998795
25.000000 0.0584912 0.0044573 0.0047647 0.0103675 -0.0146795 0.0063433 0.9998184
26.000000 0.0705282 0.0032016 0.0042998 0.0149156 -0.0188867 0.0099252 0.9996611
27.000000 0.0838459 0.0028618 0.0039530 0.0205368 -0.0184049 0.0144737 0.9995149
30.000000 0.1377586 -0.0041731 0.0024177 0.0346813 -0.0214016 0.0169524 0.9990254
32.000000 0.1736879 -0.0089204 0.0045610 0.0347665 -0.0200708 0.0187523 0.9990179
34.000000 0.2041706 -0.0123630 0.0131706 0.0282520 -0.0160052 0.0137533 0.9993781
36.000000 0.2230464 -0.0230931 0.0166497 0.0332355 -0.0212273 -0.0123567 0.9991457
38.000000 0.2528333 -0.0282443 0.0150326 0.0285441 -0.0243047 -0.0161668 0.9991663
40.000000 0.2679722 -0.0304702 0.0151105 0.0250593 -0.0210895 -0.0046522 0.9994527
42.000000 0.2703227 -0.0420460 0.0098753 0.0350710 -0.0208527 -0.0041410 0.9991587
44.000000 0.2735207 -0.0609799 -0.0022546 0.0529910 -0.0168746 0.0008451 0.9984521
48.000000 0.2642691 -0.0857673 -0.0399361 0.1062673 -0.0065445 -0.0034777 0.9943100
50.000000 0.2532011 -0.0913877 -0.0609020 0.1199188 -0.0047588 -0.0004245 0.9927722
54.000000 0.2305973 -0.0840361 -0.0791158 0.1278398 0.0110706 0.0122497 0.9916574
56.000000 0.1923479 -0.0879412 -0.0863234 0.1347171 0.0151486 0.0278549 0.9903767
58.000000 0.1463259 -0.0916359 -0.0884060 0.1335497 0.0336093 0.0296495 0.9900282
61.000000 0.0870273 -0.1098303 -0.0930105 0.1463036 0.0436887 0.0314188 0.9877750
64.000000 -0.0064956 -0.1429721 -0.0792360 0.1568739 0.0398440 0.0320431 0.9862942
66.000000 -0.0257802 -0.1533446 -0.0774816 0.1587861 0.0372428 0.0430851 0.9856691
69.000000 -0.0522904 -0.1511695 -0.0770700 0.1681138 0.0066780 0.0422560 0.9848388
72.000000 -0.1023696 -0.1541623 -0.0752859 0.1743772 0.0117712 0.0344514 0.9840056
75.000000 -0.1370187 -0.1534992 -0.0794132 0.1734410 0.0247743 0.0305739 0.9840578
77.000000 -0.1681353 -0.1568594 -0.0780959 0.1787473 0.0373125 0.0324457 0.9826518
79.000000 -0.2075990 -0.1533846 -0.0661514 0.1767673 0.0445133 0.0164501 0.9831080
82.000000 -0.2595368 -0.1618680 -0.0809019 0.1812203 0.0797876 0.0502880 0.9789097
83.000000 -0.2751221 -0.1626964 -0.0929486 0.1939616 0.0749742 0.0497673 0.9768730
85.000000 -0.3056706 -0.1745789 -0.0910042 0.2030613 0.0767723 0.0500926 0.9748656
88.000000 -0.3260539 -0.1989303 -0.0761040 0.2025489 0.0753381 0.0579639 0.9746478
90.000000 -0.3381377 -0.2053556 -0.0827726 0.2100362 0.0717079 0.0545652 0.9735324
92.000000 -0.3427093 -0.2106193 -0.0894453 0.2137361 0.0697539 0.0511208 0.9730560
93.000000 -0.3226449 -0.1951645 -0.0777646 0.2343492 0.0538606 0.0532304 0.9691986
95.000000 -0.3476287 -0.2461311 -0.1156418 0.2438921 0.0581688 0.0398799 0.9672345
96.000000 -0.3497043 -0.2556945 -0.1264110 0.2490713 0.0624674 0.0352580 0.9658251
98.000000 -0.3385020 -0.2704964 -0.1353723 0.2593274 0.0679086 0.0329270 0.9628362
100.000000 -0.3194528 -0.2766301 -0.1477735 0.2616071 0.0695178 0.0314911 0.9621524
103.000000 -0.2719595 -0.2649738 -0.1643930 0.2624409 0.0538788 0.0257536 0.9630985
104.000000 -0.2594207 -0.2588162 -0.1701952 0.2642517 0.0488089 0.0247880 0.9628989
105.000000 -0.2309595 -0.2502506 -0.1803128 0.2649414 0.0239204 0.0215633 0.9637266
107.000000 -0.2007340 -0.2470701 -0.1904985 0.2743667 -0.0063676 0.0023664 0.9616011
109.000000 -0.1434499 -0.2509381 -0.2005339 0.2798089 -0.0501716 -0.0353519 0.9580919
112.000000 -0.1089113 -0.2681273 -0.1697032 0.2590528 -0.0397855 -0.0272918 0.9646574
114.000000 -0.0543908 -0.2721125 -0.1799618 0.2487965 -0.0451375 -0.0501858 0.9662009
116.000000 -0.0306110 -0.2739758 -0.1771500 0.2434915 -0.0459334 -0.0471895 0.9676648
121.000000 0.0497613 -0.2749180 -0.1930149 0.2365426 -0.0568103 -0.0400123 0.9691332
124.000000 0.0890169 -0.2821625 -0.1925303 0.2359450 -0.0900749 -0.0464130 0.9664690
126.000000 0.1227109 -0.2935647 -0.1879120 0.2383171 -0.1214989 -0.0474016 0.9623908
128.000000 0.1428103 -0.2986043 -0.1846854 0.2347482 -0.1405059 -0.0475131 0.9606736
131.000000 0.2032588 -0.3202883 -0.1759236 0.2319908 -0.1700719 -0.0588214 0.9559267
132.000000 0.2139883 -0.3273124 -0.1759744 0.2341114 -0.1738097 -0.0556646 0.9549259
133.000000 0.2232882 -0.3340721 -0.1768536 0.2349452 -0.1740828 -0.0514809 0.9549061
135.000000 0.2312399 -0.3469041 -0.1939360 0.2493612 -0.1661586 -0.0475831 0.9528621
138.000000 0.2254567 -0.3582193 -0.2241034 0.2717380 -0.1535322 -0.0503172 0.9487120
139.000000 0.2221881 -0.3610539 -0.2311523 0.2702137 -0.1464931 -0.0507313 0.9502372
140.000000 0.2170590 -0.3657798 -0.2395696 0.2660648 -0.1350990 -0.0495855 0.9531522
142.000000 0.2058495 -0.3741339 -0.2620249 0.2453920 -0.1026184 -0.0410531 0.9631028
144.000000 0.1844098 -0.3699589 -0.2780732 0.2355356 -0.0714947 -0.0332473 0.9686620
145.000000 0.1721519 -0.3664596 -0.2779436 0.2332678 -0.0643653 -0.0279525 0.9698772
146.000000 0.1594165 -0.3649700 -0.2799681 0.2365118 -0.0601331 -0.0247975 0.9694489
148.000000 0.1288260 -0.3573664 -0.2954489 0.2416323 -0.0485774 -0.0199176 0.9689465
150.000000 0.0987835 -0.3593374 -0.3061525 0.2462036 -0.0338406 -0.0029563 0.9686227
152.000000 0.0743868 -0.3648236 -0.3112892 0.2558446 -0.0174925 0.0139394 0.9664592
154.000000 0.0548695 -0.3680691 -0.3190819 0.2616057 -0.0019260 0.0254368 0.9648377
156.000000 0.0368279 -0.3623116 -0.3295121 0.2566726 0.0219760 0.0447982 0.9652095
157.000000 0.0273540 -0.3548907 -0.3329846 0.2613740 0.0236914 0.0439535 0.9639453
159.000000 -0.0134321 -0.3565697 -0.3421373 0.2632613 0.0361600 0.0524881 0.9626167
161.000000 -0.0659326 -0.3687758 -0.3450583 0.2511204 0.0530435 0.0647623 0.9643292
162.000000 -0.0844966 -0.3728271 -0.3415203 0.2517868 0.0588475 0.0721977 0.9632901
164.000000 -0.1373963 -0.3802979 -0.3485009 0.2567820 0.0832480 0.0799495 0.9595524
166.000000 -0.1656589 -0.3904627 -0.3523348 0.2529566 0.1142417 0.0973271 0.9557663
169.000000 -0.2013458 -0.3937997 -0.3610458 0.2606150 0.1340573 0.1254580 0.9478232
171.000000 -0.2430197 -0.3937242 -0.3883531 0.2746152 0.1266333 0.1210868 0.9454567
172.000000 -0.2601373 -0.3980684 -0.3928298 0.2769095 0.1278593 0.1223281 0.9444622
174.000000 -0.3018338 -0.4072272 -0.3885760 0.2772984 0.1230565 0.1237432 0.9448017
175.000000 -0.3327792 -0.4155979 -0.3880099 0.2798983 0.1258695 0.1273478 0.9431841
176.000000 -0.3463894 -0.4219681 -0.3839919 0.2789711 0.1275723 0.1281455 0.9431220
179.000000 -0.3704073 -0.4282508 -0.3982765 0.2864881 0.1296637 0.1275943 0.9406549
180.000000 -0.3940848 -0.4347416 -0.4034040 0.2885108 0.1158159 0.1182093 0.9430667
181.000000 -0.4048176 -0.4390277 -0.4064753 0.2919330 0.1096480 0.1110920 0.9436159
183.000000 -0.4092189 -0.4375134 -0.4133072 0.2994668 0.1014367 0.1039967 0.9429820
184.000000 -0.4286256 -0.4498713 -0.4110366 0.2979070 0.1003137 0.1041331 0.9435809
185.000000 -0.4383779 -0.4545456 -0.4168061 0.3018585 0.0979609 0.1022247 0.9427806
