39.000000 0.0000000 0.0000000 0.0000000 0.0000000 0.0000000 0.0000000 1.0000000
41.000000 0.0245757 0.0038074 0.0027160 -0.0072060 -0.0136627 0.0021225 0.9998785
42.000000 0.0408981 0.0028444 -0.0005905 -0.0070792 -0.0206809 0.0016394 0.9997597
43.000000 0.0531299 0.0021204 -0.0032797 -0.0099852 -0.0211242 -0.0002255 0.9997270
44.000000 0.0665089 0.0018960 -0.0056720 -0.0138654 -0.0221289 -0.0033533 0.9996533
45.000000 0.0807610 0.0023111 -0.0061611 -0.0156480 -0.0256025 -0.0037628 0.9995427
47.000000 0.1216269 0.0014615 -0.0081243 -0.0178943 -0.0193999 -0.0066886 0.9996293
48.000000 0.1488718 0.0018864 -0.0070711 -0.0212284 -0.0159036 -0.0153850 0.9995298
50.000000 0.2005992 0.0033105 0.0220173 -0.0285690 -0.0314352 -0.0200501 0.9988962
52.000000 0.2614072 0.0050269 0.0502757 -0.0245315 -0.0542899 0.0009037 0.9982234
54.000000 0.2862842 0.0236147 0.0729845 -0.0315998 -0.0601694 0.0197657 0.9974921
56.000000 0.2784205 0.0505640 0.1237365 -0.0384875 -0.0717030 0.0152815 0.9965661
58.000000 0.2765925 0.0775067 0.1746016 -0.0533330 -0.0786994 0.0188606 0.9952921
60.000000 0.2709681 0.1059708 0.1854716 -0.0689143 -0.0713557 0.0165095 0.9949304
64.000000 0.2935930 0.1340323 0.1662325 -0.0708058 -0.0439524 0.0255002 0.9961950
68.000000 0.2285269 0.1462149 0.1737449 -0.0799056 -0.0229669 0.0183409 0.9963690
74.000000 0.0842896 0.1690483 0.2137953 -0.0966628 0.0114051 0.0011594 0.9952512
76.000000 0.0570078 0.1727414 0.2177235 -0.0994947 0.0247207 -0.0012944 0.9947301
79.000000 -0.0076364 0.1716950 0.2173096 -0.0938947 0.0592264 -0.0056528 0.9938028
82.000000 -0.0666510 0.1696829 0.2148502 -0.0951122 0.0785684 0.0008016 0.9923608
84.000000 -0.0898460 0.1601382 0.2143803 -0.1040552 0.0903089 0.0020058 0.9904609
88.000000 -0.1442089 0.1702949 0.1915467 -0.1051841 0.0946925 -0.0063238 0.9899139
91.000000 -0.1535894 0.2056297 0.1875735 -0.1285267 0.0790231 -0.0051515 0.9885392
96.000000 -0.1226588 0.2321240 0.1757622 -0.1320533 0.0484549 0.0144031 0.9899528
101.000000 -0.0660245 0.2618132 0.1853102 -0.1323630 0.0085490 0.0158605 0.9910375
104.000000 -0.0103007 0.2573849 0.1474400 -0.1359826 -0.0046159 0.0180900 0.9905353
107.000000 0.0428624 0.2602330 0.1391228 -0.1337940 -0.0277650 0.0216600 0.9903833
111.000000 0.1064405 0.2654505 0.1344527 -0.1381603 -0.0576078 0.0100918 0.9886816
114.000000 0.1581522 0.2672583 0.1300593 -0.1393596 -0.0905929 0.0229980 0.9858209
116.000000 0.2003055 0.2654940 0.1297639 -0.1349672 -0.1006269 0.0238092 0.9854396
120.000000 0.2675125 0.2741724 0.1371903 -0.1314785 -0.0913974 0.0345042 0.9864935
123.000000 0.2921212 0.2701246 0.1268119 -0.1308451 -0.0898488 0.0343285 0.9867260
128.000000 0.3150130 0.3178193 0.1301925 -0.1349930 -0.0887976 0.0482224 0.9856807
130.000000 0.3135765 0.3395818 0.1287547 -0.1431499 -0.0793080 0.0499321 0.9852539
135.000000 0.3174385 0.3713353 0.1179224 -0.1556347 -0.0444056 0.0404319 0.9859875
138.000000 0.2984851 0.3882665 0.1033726 -0.1694755 -0.0266613 0.0369761 0.9844795
141.000000 0.2717086 0.3909796 0.0919487 -0.1743948 -0.0079194 0.0352808 0.9840117
148.000000 0.1781311 0.3764774 0.0679452 -0.1804684 0.0504969 0.0201280 0.9820774
150.000000 0.1365569 0.3675284 0.0641474 -0.1792885 0.0685303 0.0136660 0.9813116
152.000000 0.0918028 0.3573672 0.0525759 -0.1780968 0.0790600 0.0156819 0.9807065
154.000000 0.0425855 0.3506041 0.0528199 -0.1746758 0.1022673 0.0104118 0.9792453
157.000000 -0.0235603 0.3533829 0.0677033 -0.1708369 0.1295303 0.0176263 0.9765890
160.000000 -0.0891660 0.3607270 0.0987476 -0.1701298 0.1372140 0.0355015 0.9751758
169.000000 -0.1638259 0.4096023 0.1203744 -0.1500598 0.0839532 0.0375992 0.9843882
175.000000 -0.1180682 0.4544119 0.1229911 -0.1204293 0.0480726 0.0512386 0.9902325
177.000000 -0.1095057 0.4659129 0.1237493 -0.1218950 0.0417853 0.0491372 0.9904449
179.000000 -0.0989565 0.4706049 0.1181399 -0.1255193 0.0356828 0.0497027 0.9902027
181.000000 -0.0751601 0.4729181 0.1014785 -0.1210225 0.0268289 0.0524969 0.9908975
183.000000 -0.0538520 0.4784845 0.1026458 -0.1226596 0.0124663 0.0554749 0.9908187
185.000000 -0.0271553 0.4741736 0.0960941 -0.1188117 0.0025921 0.0501924 0.9916440
187.000000 0.0049629 0.4600304 0.0697443 -0.1170098 -0.0255459 0.0375833 0.9920905
190.000000 0.0570740 0.4552155 0.0532405 -0.1145115 -0.0361112 0.0344323 0.9921681
193.000000 0.0969567 0.4572485 0.0584802 -0.1126227 -0.0404296 0.0393740 0.9920339
196.000000 0.1521369 0.4528964 0.0523534 -0.1152320 -0.0497624 0.0405734 0.9912614
199.000000 0.1996852 0.4561893 0.0503140 -0.1256053 -0.0426312 0.0464999 0.9900725
202.000000 0.2267642 0.4547471 0.0476823 -0.1276074 -0.0481575 0.0515125 0.9893147
205.000000 0.2792261 0.4596815 0.0510281 -0.1348387 -0.0293782 0.0544885 0.9889320
208.000000 0.3016101 0.4718210 0.0545093 -0.1616656 -0.0212533 0.0460895 0.9855396
211.000000 0.3093147 0.4961673 0.0341335 -0.1777275 -0.0081399 0.0447371 0.9830287
214.000000 0.2952442 0.5059624 0.0211509 -0.1851822 -0.0087684 0.0391956 0.9818830
219.000000 0.2883448 0.5256855 -0.0058401 -0.1910429 0.0020347 0.0343225 0.9809793
222.000000 0.2928037 0.5422809 -0.0136542 -0.2033993 0.0076026 0.0350102 0.9784402
225.000000 0.2954355 0.5507041 -0.0201096 -0.2082907 0.0101823 0.0394890 0.9772164
228.000000 0.2467989 0.5550593 -0.0168536 -0.2071781 0.0435268 0.0355066 0.9766893
231.000000 0.1841804 0.5542551 -0.0132458 -0.2056535 0.0546478 0.0446144 0.9760788
234.000000 0.1095437 0.5520858 -0.0130657 -0.1991472 0.0642952 0.0364417 0.9771789
237.000000 0.0605121 0.5658169 -0.0021708 -0.2010664 0.0823817 0.0330199 0.9755487
240.000000 -0.0007933 0.5739264 0.0102368 -0.2030643 0.1019206 0.0286645 0.9734246
244.000000 -0.0723716 0.5813298 0.0310984 -0.2041613 0.1015144 0.0246506 0.9733475
247.000000 -0.1030014 0.5826222 0.0329764 -0.2059650 0.0993438 0.0282336 0.9730941
251.000000 -0.1482989 0.6094971 0.0405149 -0.2164205 0.0876476 0.0329025 0.9718012
254.000000 -0.1487894 0.6408862 0.0264268 -0.2373240 0.0851926 0.0329879 0.9671253
258.000000 -0.1425189 0.6478547 -0.0250090 -0.2523798 0.0771458 0.0414647 0.9636564
262.000000 -0.1048476 0.6569555 -0.0481703 -0.2610241 0.0847002 0.0438922 0.9606070
266.000000 -0.0175839 0.6402587 -0.0877620 -0.2600111 0.0588014 0.0481634 0.9626094
272.000000 0.0166795 0.6387512 -0.1030872 -0.2413970 0.0228762 0.0322183 0.9696217
275.000000 0.0727640 0.6468443 -0.1106516 -0.2456519 0.0030371 0.0388648 0.9685739
279.000000 0.1365956 0.6493150 -0.1194153 -0.2611404 -0.0035526 0.0372018 0.9645771
282.000000 0.1966516 0.6548051 -0.1290014 -0.2584328 -0.0144870 0.0368493 0.9652175
285.000000 0.2367005 0.6580307 -0.1398872 -0.2573772 -0.0168394 0.0321994 0.9656276
288.000000 0.2690043 0.6581075 -0.1525435 -0.2574894 -0.0317453 0.0292317 0.9653170
291.000000 0.3146581 0.6702656 -0.1542229 -0.2643260 -0.0405260 0.0334069 0.9630023
294.000000 0.3634731 0.6640345 -0.1864271 -0.2785578 -0.0581690 0.0291241 0.9582138
297.000000 0.3468489 0.6552935 -0.1845918 -0.3261258 -0.0613964 0.0440191 0.9423029
299.000000 0.3430677 0.6838905 -0.1958618 -0.3204227 -0.0698223 0.0471638 0.9435199
315.000000 0.2321646 0.7421356 -0.1824241 -0.3407525 0.0173408 0.0498663 0.9386695
318.000000 0.1999691 0.7479564 -0.1751528 -0.3455458 0.0307030 0.0427742 0.9369236
319.000000 0.1792358 0.7533960 -0.1760762 -0.3492209 0.0362188 0.0412940 0.9354292
321.000000 0.1500545 0.7477907 -0.1731630 -0.3598139 0.0548877 0.0331999 0.9308164
328.000000 -0.0254914 0.7545146 -0.1850538 -0.3480830 0.1337232 0.0375968 0.9271153
330.000000 -0.0531582 0.7512521 -0.1754884 -0.3395752 0.1454842 0.0370907 0.9285189
332.000000 -0.1016308 0.7538397 -0.1631623 -0.3351598 0.1505661 0.0347389 0.9294035
334.000000 -0.1426946 0.7500706 -0.1483657 -0.3349801 0.1575039 0.0254726 0.9286183
336.000000 -0.1677198 0.7440677 -0.1370207 -0.3262177 0.1654861 0.0325694 0.9301267
338.000000 -0.1904887 0.7595571 -0.1223706 -0.3295516 0.1705545 0.0329059 0.9280216
340.000000 -0.2123651 0.7686543 -0.1103455 -0.3383357 0.1731614 0.0310548 0.9244348
342.000000 -0.2287895 0.8079559 -0.1226829 -0.3625799 0.1704992 0.0244617 0.9158971
344.000000 -0.2317440 0.8534955 -0.1394161 -0.3884368 0.1567437 0.0199710 0.9078268
347.000000 -0.2273766 0.8871928 -0.1619841 -0.4151444 0.1523234 0.0244198 0.8965804
350.000000 -0.1894846 0.9058548 -0.2085767 -0.3768518 0.1413072 0.0244405 0.9151053
353.000000 -0.1367373 0.8997140 -0.2401527 -0.3601807 0.1081192 0.0308459 0.9260824
356.000000 -0.0896629 0.8807629 -0.2756292 -0.3548810 0.0615244 0.0402762 0.9320151
359.000000 -0.0290008 0.8784216 -0.2997981 -0.3681442 0.0254348 0.0508296 0.9280298
363.000000 0.0545296 0.8775358 -0.3082956 -0.3568076 0.0072447 0.0415051 0.9332273
366.000000 0.1223831 0.8802564 -0.3207770 -0.3683964 0.0031370 0.0299286 0.9291816
369.000000 0.1834244 0.8892463 -0.3175213 -0.3774576 -0.0028733 0.0207113 0.9257907
375.000000 0.2717153 0.9274484 -0.2921853 -0.3810586 -0.0469170 0.0256938 0.9230021
378.000000 0.2357422 1.0571406 -0.3887027 -0.3692171 -0.0488822 0.0207205 0.9278254
381.000000 0.2313023 1.1040955 -0.4302580 -0.3485456 -0.0218458 0.0200158 0.9368234
385.000000 0.2322095 1.1696488 -0.4568338 -0.3651824 -0.0057785 0.0233425 0.9306254
401.000000 0.0372110 1.1811759 -0.4650408 -0.3335698 0.0703824 0.0273111 0.9396976
404.000000 -0.0176367 1.1861614 -0.4428124 -0.3156362 0.0969636 0.0240319 0.9436071
408.000000 -0.0775459 1.1848814 -0.4255037 -0.3306202 0.1596634 0.0102273 0.9301040
411.000000 -0.1126268 1.1785311 -0.4207076 -0.3573184 0.1863495 0.0200804 0.9149832
414.000000 -0.1525477 1.1883228 -0.4200664 -0.3647824 0.2097012 0.0237953 0.9068589
419.000000 -0.1788852 1.1993947 -0.4231908 -0.3776579 0.2079440 0.0035254 0.9022868
422.000000 -0.1778511 1.2221634 -0.4511996 -0.4095787 0.1895218 0.0004838 0.8923713
426.000000 -0.1748620 1.2199789 -0.4905093 -0.4199141 0.1478726 -0.0117194 0.8953595
431.000000 -0.1255619 1.2186874 -0.5098901 -0.4376525 0.1535372 -0.0129230 0.8858440
434.000000 -0.1051650 1.2067478 -0.5298572 -0.4823814 0.1403645 -0.0161056 0.8644921
437.000000 -0.0886452 1.2082586 -0.5489433 -0.4974767 0.1318887 -0.0176813 0.8572104
440.000000 -0.0864534 1.1967986 -0.5762861 -0.5178280 0.0999554 -0.0162102 0.8494706
443.000000 -0.0517166 1.2019076 -0.5848998 -0.5402419 0.0709580 -0.0022821 0.8385097
446.000000 -0.0253343 1.1977788 -0.5945660 -0.5582002 0.0146562 0.0232486 0.8292510
449.000000 0.0176639 1.2222536 -0.5894709 -0.5583609 -0.0081166 0.0323750 0.8289265
452.000000 0.0201621 1.2622633 -0.5644389 -0.5547585 -0.0127800 0.0312941 0.8313245
455.000000 0.0692576 1.2754002 -0.5595862 -0.5314098 -0.0377524 0.0773503 0.8427309
458.000000 0.1070243 1.2902408 -0.5609328 -0.5360433 -0.0498775 0.0972526 0.8370852
471.000000 0.0991461 1.2613227 -0.5414879 -0.5035815 -0.0220331 0.0498558 0.8622266
478.000000 0.0830342 1.2095737 -0.5259109 -0.4923381 -0.0192267 0.0550180 0.8684506
